780,000	650,000	1430,000	27,260	16,923	12,191	9,000	7,741	5,165	28,496	0,474	6,684	110,000	0,000	112942,654	112943,654	112948,513	112949,298	112949,408	112949,959	0,000	41382,654	41383,654	41388,513	41389,298	41389,408	41389,959	0,804	5,114	0,089	0,467	25,000	0,000	8,458	2,650	1,000	19,000	141,000	960,000	373,333
3010,000	20,000	3030,000	24,079	0,000	0,000	0,000	25,224	0,000	28,970	0,000	25,224	0,000	0,000	112958,434	112959,434	113003,133	113006,147	113006,147	113006,178	0,000	41398,434	41399,434	41403,133	41406,147	41406,147	41406,178	0,000	0,000	0,000	0,000	25,000	0,000	NaN	NaN	1,000	114,000	242,000	960,000	373,333
970,000	460,000	1430,000	24,368	28,261	6,416	5,000	13,331	2,044	28,427	0,543	13,301	130,000	0,000	113011,841	113012,842	113016,721	113017,699	113017,829	113018,167	0,000	41411,841	41412,842	41416,722	41417,699	41417,829	41418,168	0,377	2,009	0,029	0,544	25,000	0,000	1,709	3,490	1,000	100,000	268,000	960,000	373,333
200,000	380,000	580,000	22,440	39,474	18,128	3,000	52,211	3,795	28,104	0,866	63,823	150,000	0,000	113023,748	113024,748	113028,922	113029,128	113029,278	113029,518	0,000	41423,748	41424,748	41428,922	41429,128	41429,278	41429,518	1,889	4,000	0,501	0,897	25,000	0,000	8,022	2,374	1,000	177,000	220,000	960,000	373,333
880,000	430,000	1310,000	23,816	30,233	36,098	4,000	16,517	7,811	26,068	2,901	16,633	130,000	0,000	113035,999	113037,000	113040,832	113041,718	113041,848	113042,158	0,000	41435,999	41437,000	41440,832	41441,718	41441,848	41442,158	2,278	7,456	0,875	2,787	25,000	0,000	18,053	22,200	1,000	166,000	79,000	960,000	373,333
340,000	450,000	790,000	18,509	26,667	15,926	5,000	49,229	3,469	28,044	0,925	50,795	120,000	0,000	113048,621	113049,622	113052,839	113053,187	113053,307	113053,647	0,000	41448,621	41449,622	41452,839	41453,187	41453,307	41453,647	2,540	2,263	0,889	0,418	25,000	0,000	2,943	7,490	1,000	302,000	385,000	960,000	373,333
1110,000	320,000	1430,000	17,047	96,875	17,875	0,000	39,758	3,852	25,209	3,761	38,860	310,000	0,000	113107,994	113108,994	113111,772	113112,888	113113,198	113113,217	0,000	41467,994	41468,994	41471,772	41472,888	41473,198	41473,218	7,166	0,783	7,068	0,762	25,000	0,000	NaN	16,566	1,000	354,000	385,000	960,000	373,333
490,000	480,000	970,000	3,000	75,000	91,694	4,000	63,512	15,956	13,165	15,805	63,565	360,000	0,000	113118,820	113119,820	113125,796	113126,288	113126,648	113126,778	0,000	41478,820	41479,820	41485,796	41486,288	41486,648	41486,778	19,294	1,548	19,161	1,519	25,000	0,000	0,033	0,824	1,000	861,000	413,000	960,000	373,333
470,000	360,000	830,000	5,269	97,222	89,386	0,000	58,114	14,943	14,027	14,943	58,114	350,000	0,000	113131,716	113132,716	113136,822	113137,298	113137,648	113137,667	0,000	41491,716	41492,716	41496,822	41497,298	41497,648	41497,668	17,862	3,010	17,863	3,010	25,000	0,000	NaN	2,160	1,000	802,000	474,000	960,000	373,333
540,000	360,000	900,000	11,465	36,111	40,868	2,000	52,391	7,788	25,324	3,646	46,136	130,000	0,000	113142,479	113143,478	113148,486	113149,027	113149,157	113149,397	0,000	41502,479	41503,479	41508,486	41509,027	41509,157	41509,397	10,353	1,155	5,756	0,673	25,000	0,000	28,667	30,013	1,000	553,000	396,000	960,000	373,333
450,000	470,000	920,000	0,578	44,681	84,177	2,000	66,575	18,834	19,290	9,680	62,782	210,000	0,000	113154,051	113155,050	113159,857	113200,318	113200,528	113200,798	0,000	41514,051	41515,051	41519,857	41520,318	41520,528	41520,798	23,429	1,463	14,310	0,972	25,000	0,000	61,372	63,866	1,000	972,000	390,000	960,000	373,333
590,000	410,000	1000,000	1,266	97,561	86,432	0,000	66,309	16,690	12,282	16,688	66,309	400,000	0,000	113205,628	113206,629	113211,621	113212,217	113212,617	113212,639	0,000	41525,628	41526,629	41531,621	41532,218	41532,618	41532,639	20,224	0,928	20,224	0,929	25,000	0,000	NaN	3,371	1,000	915,000	373,000	960,000	373,333
80,000	590,000	670,000	3,092	18,644	79,842	2,000	61,189	17,245	28,893	0,077	13,043	110,000	0,000	113219,264	113220,263	113226,013	113226,214	113226,324	113226,808	0,000	41539,264	41540,263	41546,013	41546,214	41546,324	41546,808	22,781	3,040	0,536	0,043	25,000	0,000	3,049	0,103	1,000	860,000	419,000	960,000	373,333
420,000	400,000	820,000	1,458	97,500	102,219	0,000	63,345	18,993	9,978	18,992	63,345	390,000	0,000	113232,841	113233,842	113237,361	113237,789	113238,179	113238,198	0,000	41552,841	41553,842	41557,362	41557,789	41558,179	41558,198	21,855	2,813	21,855	2,814	25,000	0,000	NaN	1,345	1,000	1010,000	387,000	960,000	373,333
520,000	400,000	920,000	1,778	35,000	102,681	2,000	66,943	19,111	20,789	8,181	62,651	140,000	0,000	113242,856	113243,856	113249,232	113249,759	113249,899	113250,168	0,000	41562,856	41563,856	41569,232	41569,759	41569,899	41570,168	22,391	1,463	11,467	0,865	25,000	0,000	64,605	65,198	1,000	1019,000	396,000	960,000	373,333
490,000	400,000	890,000	7,367	97,500	73,990	0,000	56,508	13,094	15,879	13,091	56,508	390,000	0,000	113255,013	113256,013	113300,792	113301,289	113301,679	113301,697	0,000	41575,013	41576,013	41580,792	41581,289	41581,679	41581,698	16,399	2,786	16,399	2,783	25,000	0,000	NaN	0,487	1,000	724,000	487,000	960,000	373,333
520,000	410,000	930,000	4,295	97,561	98,742	0,000	60,445	17,811	11,161	17,809	60,445	400,000	0,000	113306,398	113307,400	113312,626	113313,147	113313,547	113313,568	0,000	41586,398	41587,400	41592,626	41593,147	41593,547	41593,568	21,408	3,545	21,409	3,545	25,000	0,000	NaN	2,412	1,000	896,000	512,000	960,000	373,333
600,000	400,000	1000,000	2,164	97,500	106,000	0,000	64,215	18,131	10,842	18,128	64,215	390,000	0,000	113318,924	113319,923	113322,420	113323,028	113323,418	113323,439	0,000	41598,924	41599,923	41602,420	41603,028	41603,418	41603,439	21,323	2,560	21,324	2,559	25,000	0,000	NaN	6,308	1,000	932,000	445,000	960,000	373,333
540,000	570,000	1110,000	5,090	24,561	79,258	4,000	58,999	18,736	25,958	3,012	34,396	140,000	0,000	113331,158	113332,158	113335,900	113336,447	113336,587	113337,027	0,000	41611,158	41612,158	41615,900	41616,448	41616,588	41617,028	22,755	4,584	4,856	1,406	25,000	0,000	22,286	21,381	1,000	897,000	543,000	960,000	373,333
580,000	440,000	1020,000	3,299	97,727	116,098	0,000	63,228	19,911	9,061	19,909	63,228	430,000	0,000	113342,787	113343,787	113346,152	113346,738	113347,168	113347,188	0,000	41622,787	41623,787	41626,152	41626,738	41627,168	41627,188	23,176	3,601	23,176	3,602	25,000	0,000	NaN	0,988	1,000	989,000	487,000	960,000	373,333
600,000	440,000	1040,000	3,695	97,727	84,680	0,000	60,515	16,098	12,873	16,096	60,515	430,000	0,000	113352,052	113353,052	113356,140	113356,747	113357,178	113357,197	0,000	41632,052	41633,052	41636,141	41636,748	41637,178	41637,197	19,662	2,784	19,662	2,785	25,000	0,000	NaN	1,280	1,000	848,000	442,000	960,000	373,333
520,000	510,000	1030,000	7,255	98,039	48,370	0,000	56,925	12,625	16,344	12,626	56,925	500,000	0,000	113403,701	113404,702	113407,850	113408,378	113408,878	113408,898	0,000	41643,701	41644,702	41647,850	41648,378	41648,878	41648,898	16,345	2,311	16,348	2,308	25,000	0,000	NaN	12,346	1,000	714,000	451,000	960,000	373,333
550,000	450,000	1000,000	3,915	97,778	85,838	0,000	62,620	16,077	12,895	16,075	62,620	440,000	0,000	113414,450	113415,451	113419,862	113420,417	113420,857	113420,878	0,000	41654,450	41655,451	41659,862	41660,418	41660,858	41660,878	20,843	1,997	20,843	1,998	25,000	0,000	NaN	0,038	1,000	832,000	428,000	960,000	373,333
560,000	410,000	970,000	4,323	97,561	89,242	0,000	62,959	14,619	14,353	14,617	62,959	400,000	0,000	113429,512	113430,511	113433,092	113433,658	113434,058	113434,078	0,000	41669,512	41670,511	41673,092	41673,658	41674,058	41674,078	18,902	1,211	18,902	1,211	25,000	0,000	NaN	1,695	1,000	809,000	402,000	960,000	373,333
970,000	430,000	1400,000	7,710	97,674	136,048	0,000	66,567	25,124	3,847	25,123	66,567	420,000	0,000	113440,601	113441,602	113445,002	113445,979	113446,399	113446,418	0,000	41680,601	41681,602	41685,002	41685,979	41686,399	41686,418	28,495	3,909	28,497	3,909	25,000	0,000	NaN	4,080	1,000	1189,000	524,000	960,000	373,333
360,000	340,000	700,000	9,623	97,059	64,512	0,000	56,017	9,971	19,001	9,969	56,017	330,000	0,000	113451,074	113452,073	113456,887	113457,257	113457,587	113457,608	0,000	41691,074	41692,073	41696,887	41697,257	41697,587	41697,608	12,799	1,406	12,798	1,406	25,000	0,000	NaN	0,087	1,000	618,000	384,000	960,000	373,333
520,000	470,000	990,000	7,807	97,872	65,500	0,000	54,562	12,615	16,357	12,613	54,562	460,000	0,000	113502,278	113503,278	113509,237	113509,767	113510,227	113510,247	0,000	41702,278	41703,278	41709,237	41709,767	41710,227	41710,247	14,934	3,207	14,934	3,204	25,000	0,000	NaN	1,069	1,000	711,000	496,000	960,000	373,333
570,000	400,000	970,000	4,725	97,500	83,002	0,000	59,785	15,643	13,328	15,641	59,785	390,000	0,000	113515,012	113516,012	113521,800	113522,379	113522,769	113522,788	0,000	41715,013	41716,012	41721,800	41722,379	41722,769	41722,788	20,253	2,364	20,253	2,366	25,000	0,000	NaN	4,998	1,000	852,000	502,000	960,000	373,333
440,000	510,000	950,000	7,502	92,157	82,884	2,000	52,855	15,329	13,691	15,279	52,905	470,000	0,000	113528,980	113529,979	113534,584	113535,029	113535,499	113535,549	0,000	41728,980	41729,979	41734,584	41735,029	41735,499	41735,549	18,028	5,380	18,030	5,294	25,000	0,000	0,018	3,603	1,000	724,000	249,000	960,000	373,333
520,000	460,000	980,000	2,387	97,826	101,170	0,000	64,160	18,625	10,346	18,624	64,160	450,000	0,000	113545,832	113546,832	113548,956	113549,478	113549,928	113549,948	0,000	41745,832	41746,832	41748,956	41749,478	41749,928	41749,948	22,978	2,395	22,978	2,394	25,000	0,000	NaN	0,401	1,000	954,000	458,000	960,000	373,333
430,000	1000,000	1430,000	1,334	55,000	98,673	11,000	62,676	19,246	9,861	19,109	62,601	550,000	0,000	113554,637	113555,638	113558,959	113559,398	113559,948	113600,407	0,000	41754,637	41755,638	41758,959	41759,398	41759,948	41760,407	24,246	3,150	24,105	3,122	25,000	0,000	0,380	0,778	1,000	944,000	418,000	960,000	373,333
520,000	910,000	1430,000	7,813	50,549	103,821	8,000	52,284	21,048	8,549	20,421	53,161	460,000	0,000	113605,068	113606,068	113610,445	113610,969	113611,429	113611,888	0,000	41765,068	41766,068	41770,445	41770,969	41771,429	41771,888	21,429	9,219	21,226	8,462	25,000	0,000	1,459	0,771	1,000	892,000	104,000	960,000	373,333
380,000	600,000	980,000	3,686	86,667	90,012	2,000	60,033	17,767	11,374	17,596	60,334	520,000	0,000	113616,549	113617,549	113620,455	113620,837	113621,357	113621,448	0,000	41776,549	41777,549	41780,455	41780,837	41781,357	41781,448	22,219	3,687	22,166	3,484	25,000	0,000	3,007	0,938	1,000	868,000	280,000	960,000	373,333
480,000	510,000	990,000	5,801	98,039	121,085	0,000	69,659	24,310	4,662	24,308	69,659	500,000	0,000	113627,200	113628,200	113631,977	113632,469	113632,969	113632,988	0,000	41787,200	41788,200	41791,977	41792,469	41792,969	41792,988	29,337	1,971	29,336	1,973	25,000	0,000	NaN	4,259	1,000	1162,000	415,000	960,000	373,333
540,000	440,000	980,000	4,286	56,818	60,840	2,000	63,012	14,458	18,666	10,304	63,136	250,000	0,000	113639,537	113640,536	113643,862	113644,409	113644,659	113644,857	0,000	41799,537	41800,536	41803,862	41804,409	41804,659	41804,857	18,394	1,269	14,675	0,569	25,000	0,000	46,893	53,354	1,000	809,000	394,000	960,000	373,333
410,000	580,000	990,000	4,470	41,379	59,313	2,000	59,814	15,258	25,206	3,763	39,871	240,000	0,000	113649,861	113650,861	113655,292	113655,708	113655,948	113656,299	0,000	41809,862	41810,862	41815,292	41815,708	41815,948	41816,299	19,885	2,559	6,405	1,262	25,000	0,000	15,690	20,312	1,000	806,000	334,000	960,000	373,333
530,000	450,000	980,000	2,711	73,333	73,983	2,000	64,911	15,520	14,887	14,083	65,531	330,000	0,000	113700,954	113701,953	113704,970	113705,509	113705,839	113705,968	0,000	41820,954	41821,953	41824,970	41825,509	41825,839	41825,968	19,831	0,845	18,617	0,725	25,000	0,000	30,165	42,680	1,000	865,000	357,000	960,000	373,333
600,000	490,000	1090,000	1,609	87,755	110,028	2,000	67,408	20,120	8,969	20,001	67,580	430,000	0,000	113710,617	113711,616	113714,835	113715,437	113715,867	113715,938	0,000	41830,617	41831,616	41834,835	41835,437	41835,867	41835,938	24,385	1,751	24,356	1,569	25,000	0,000	0,620	4,309	1,000	989,000	324,000	960,000	373,333
400,000	470,000	870,000	1,725	72,340	88,963	2,000	64,347	19,049	11,554	17,416	65,542	340,000	0,000	113720,610	113721,610	113725,106	113725,509	113725,849	113725,988	0,000	41840,610	41841,610	41845,106	41845,509	41845,849	41845,988	23,147	2,647	21,959	2,202	25,000	0,000	49,906	58,223	1,000	961,000	312,000	960,000	373,333
630,000	440,000	1070,000	3,420	95,455	115,872	1,000	68,660	21,515	7,462	21,507	68,660	420,000	0,000	113732,410	113733,410	113735,979	113736,618	113737,038	113737,068	0,000	41852,410	41853,411	41855,979	41856,618	41857,038	41857,068	25,372	1,829	25,376	1,821	25,000	0,000	NaN	1,417	1,000	1057,000	300,000	960,000	373,333
530,000	650,000	1180,000	2,062	80,000	63,610	2,000	66,459	18,729	12,145	16,825	67,270	520,000	0,000	113741,911	113742,910	113747,015	113747,547	113748,067	113748,208	0,000	41861,911	41862,911	41867,015	41867,547	41868,067	41868,208	23,854	1,607	22,251	1,133	25,000	0,000	9,236	25,893	1,000	948,000	301,000	960,000	373,333
620,000	450,000	1070,000	4,003	97,778	92,337	0,000	64,149	18,632	10,340	18,630	64,149	440,000	0,000	113752,877	113753,877	113756,618	113757,247	113757,687	113757,707	0,000	41872,877	41873,877	41876,618	41877,247	41877,687	41877,707	21,376	3,180	21,377	3,177	25,000	0,000	NaN	1,110	1,000	931,000	234,000	960,000	373,333
470,000	460,000	930,000	0,643	65,217	79,373	2,000	62,939	18,482	13,998	14,972	64,277	300,000	0,000	113804,091	113805,091	113811,068	113811,548	113811,848	113812,019	0,000	41884,091	41885,091	41891,068	41891,548	41891,848	41892,019	22,276	2,728	19,410	1,853	25,000	0,000	49,990	56,863	1,000	963,000	396,000	960,000	373,333
570,000	710,000	1280,000	4,256	45,070	67,014	5,000	60,773	15,212	17,826	11,144	60,349	320,000	0,000	113816,670	113817,670	113823,219	113823,799	113824,119	113824,517	0,000	41896,670	41897,670	41903,219	41903,799	41904,119	41904,517	19,352	2,280	15,565	1,547	25,000	0,000	61,678	62,510	1,000	815,000	330,000	960,000	373,333
550,000	530,000	1080,000	1,188	60,377	67,503	2,000	66,286	17,151	16,627	12,342	66,292	320,000	0,000	113829,903	113830,904	113833,654	113834,208	113834,527	113834,747	0,000	41909,903	41910,904	41913,654	41914,208	41914,528	41914,747	21,742	0,956	17,288	0,605	25,000	0,000	57,156	55,925	1,000	918,000	369,000	960,000	373,333
580,000	640,000	1220,000	2,769	98,437	63,340	0,000	62,506	17,078	11,894	17,076	62,506	630,000	0,000	113841,320	113842,319	113847,865	113848,447	113849,077	113849,098	0,000	41921,320	41922,319	41927,865	41928,447	41929,077	41929,098	21,741	2,168	21,741	2,165	25,000	0,000	NaN	0,638	1,000	905,000	455,000	960,000	373,333
450,000	540,000	990,000	3,139	98,148	106,125	0,000	66,949	21,876	7,095	21,874	66,949	530,000	0,000	113853,870	113854,871	113857,979	113858,437	113858,967	113858,988	0,000	41933,870	41934,871	41937,979	41938,437	41938,967	41938,988	27,453	2,168	27,454	2,168	25,000	0,000	NaN	4,235	1,000	1071,000	385,000	960,000	373,333
560,000	590,000	1150,000	3,695	86,441	91,393	2,000	61,577	16,197	12,790	16,179	61,630	510,000	0,000	113904,738	113905,739	113908,835	113909,398	113909,908	113909,999	0,000	41944,738	41945,739	41948,835	41949,398	41949,908	41949,999	19,547	2,813	19,547	2,776	25,000	0,000	0,246	0,230	1,000	833,000	407,000	960,000	373,333
550,000	510,000	1060,000	1,272	64,706	95,959	2,000	64,732	20,022	12,760	16,209	65,660	330,000	0,000	113917,073	113918,073	113922,428	113922,988	113923,318	113923,508	0,000	41957,073	41958,073	41962,429	41962,988	41963,318	41963,508	25,736	2,673	22,455	2,275	25,000	0,000	78,725	77,873	1,000	975,000	416,000	960,000	373,333
640,000	530,000	1170,000	1,276	47,170	82,251	4,000	62,765	18,554	14,786	14,184	63,790	250,000	0,000	113931,045	113932,046	113936,307	113936,950	113937,200	113937,487	0,000	41971,045	41972,046	41976,307	41976,950	41977,200	41977,487	21,997	3,095	18,321	2,007	25,000	0,000	66,973	71,290	1,000	952,000	418,000	960,000	373,333
410,000	500,000	910,000	2,672	98,000	98,015	0,000	65,615	19,416	9,556	19,414	65,615	490,000	0,000	113942,541	113943,543	113949,140	113949,558	113950,049	113950,067	0,000	41982,541	41983,543	41989,140	41989,559	41990,049	41990,067	25,626	1,295	25,626	1,295	25,000	0,000	NaN	1,633	1,000	1005,000	457,000	960,000	373,333
520,000	430,000	950,000	1,780	97,674	95,691	0,000	64,044	17,431	11,541	17,429	64,044	420,000	0,000	113957,406	113958,406	114004,178	114004,707	114005,127	114005,148	0,000	41997,406	41998,406	42004,178	42004,707	42005,127	42005,148	21,744	2,027	21,744	2,026	25,000	0,000	NaN	2,411	1,000	898,000	386,000	960,000	373,333
570,000	630,000	1200,000	9,061	79,365	95,500	2,000	55,554	21,369	7,796	21,174	55,603	500,000	0,000	114011,408	114012,408	114014,467	114015,039	114015,539	114015,677	0,000	42011,408	42012,408	42014,467	42015,039	42015,539	42015,677	21,376	8,550	21,220	8,506	25,000	0,000	4,862	4,772	1,000	937,000	52,000	960,000	373,333
470,000	490,000	960,000	1,919	97,959	111,416	0,000	63,479	21,234	7,738	21,232	63,479	480,000	0,000	114023,502	114024,502	114029,352	114029,828	114030,308	114030,327	0,000	42023,502	42024,502	42029,352	42029,828	42030,308	42030,327	26,356	3,487	26,356	3,487	25,000	0,000	NaN	3,082	1,000	1024,000	397,000	960,000	373,333
570,000	390,000	960,000	3,821	97,436	90,910	0,000	57,154	15,765	13,205	15,764	57,154	380,000	0,000	114036,937	114037,937	114041,926	114042,497	114042,877	114042,898	0,000	42036,937	42037,937	42041,926	42042,497	42042,877	42042,898	19,071	3,602	19,072	3,600	25,000	0,000	NaN	1,258	1,000	826,000	351,000	960,000	373,333
400,000	20,000	420,000	24,758	0,000	0,000	0,000	11,421	0,000	28,970	0,000	11,421	0,000	0,000	114059,312	114100,312	114102,530	114102,937	114102,937	114102,968	0,000	42059,312	42060,312	42062,530	42062,937	42062,937	42062,968	0,000	0,000	0,000	0,000	25,000	0,000	NaN	NaN	1,000	80,000	396,000	960,000	373,333
530,000	430,000	960,000	4,892	97,674	67,151	0,000	61,550	13,736	15,237	13,733	61,550	420,000	0,000	114123,841	114124,842	114130,670	114131,208	114131,628	114131,647	0,000	42083,842	42084,842	42090,671	42091,208	42091,628	42091,647	18,001	1,041	18,000	1,040	25,000	0,000	NaN	1,802	1,000	797,000	434,000	960,000	373,333
590,000	400,000	990,000	4,039	50,000	67,648	2,000	62,773	14,829	20,280	8,690	61,630	200,000	0,000	114140,612	114141,612	114146,214	114146,807	114147,008	114147,218	0,000	42100,612	42101,612	42106,214	42106,808	42107,008	42107,218	18,483	1,525	12,757	0,518	25,000	0,000	43,724	55,658	1,000	826,000	425,000	960,000	373,333
540,000	440,000	980,000	5,874	97,727	66,403	0,000	63,556	13,250	15,720	13,250	63,556	430,000	0,000	114151,895	114152,897	114155,050	114155,597	114156,027	114156,048	0,000	42111,895	42112,897	42115,050	42115,597	42116,027	42116,048	17,467	0,675	17,467	0,676	25,000	0,000	NaN	9,028	1,000	754,000	339,000	960,000	373,333
640,000	400,000	1040,000	8,471	62,500	52,466	2,000	59,394	10,968	20,780	8,190	58,709	250,000	0,000	114202,435	114203,437	114206,799	114207,449	114207,699	114207,857	0,000	42122,435	42123,437	42126,799	42127,449	42127,699	42127,857	14,457	1,100	11,884	0,843	25,000	0,000	36,606	46,566	1,000	659,000	363,000	960,000	373,333
