510,000	50,000	560,000	24,649	0,000	1,414	0,000	11,988	0,063	28,967	0,003	12,052	0,000	0,000	143815,476	143816,477	143818,872	143819,388	143819,388	143819,445	0,000	52695,476	52696,477	52698,872	52699,388	52699,388	52699,445	0,000	0,059	0,000	0,003	25,000	0,000	0,186	NaN	1,000	84,000	400,000	960,000	373,333
890,000	540,000	1430,000	24,527	38,889	6,942	6,000	12,888	2,465	28,057	0,912	13,724	210,000	0,000	143824,677	143825,676	143829,563	143830,463	143830,673	143831,005	0,000	52704,677	52705,676	52709,563	52710,463	52710,673	52711,006	0,239	2,474	0,086	0,912	25,000	0,000	2,013	3,795	1,000	96,000	255,000	960,000	373,333
300,000	410,000	710,000	24,597	63,415	27,934	2,000	23,525	2,965	26,132	2,838	23,320	260,000	0,000	143836,663	143837,664	143839,932	143840,236	143840,495	143840,655	0,000	52716,663	52717,664	52719,933	52720,236	52720,496	52720,656	1,659	2,476	1,580	2,376	25,000	0,000	2,195	1,839	1,000	99,000	220,000	960,000	373,333
300,000	410,000	710,000	23,731	31,707	18,843	4,000	15,800	3,974	27,891	1,079	13,507	130,000	0,000	143846,567	143847,566	143851,181	143851,490	143851,620	143851,906	0,000	52726,567	52727,566	52731,181	52731,490	52731,620	52731,906	1,434	3,718	0,268	1,042	25,000	0,000	2,072	3,893	1,000	133,000	206,000	960,000	373,333
440,000	990,000	1430,000	23,571	20,202	20,102	11,000	30,205	4,609	28,695	0,275	14,172	200,000	0,000	143856,520	143857,520	143900,913	143901,356	143901,556	143902,355	0,000	52736,520	52737,520	52740,913	52741,356	52741,556	52742,355	5,517	2,730	0,391	0,198	25,000	0,000	0,922	0,389	1,000	122,000	363,000	960,000	373,333
660,000	390,000	1050,000	21,186	48,718	9,262	1,000	28,516	1,575	28,515	0,455	22,320	190,000	0,000	143907,592	143908,593	143911,513	143912,176	143912,366	143912,577	0,000	52747,592	52748,593	52751,513	52752,176	52752,366	52752,577	2,961	0,485	1,264	0,086	25,000	0,000	6,716	2,011	1,000	207,000	353,000	960,000	373,333
330,000	290,000	620,000	19,278	58,621	22,999	2,000	30,539	3,437	26,586	2,384	29,987	170,000	0,000	143920,062	143921,063	143924,879	143925,220	143925,390	143925,515	0,000	52760,062	52761,063	52764,879	52765,220	52765,390	52765,515	3,883	1,860	3,149	1,185	25,000	0,000	2,081	6,702	1,000	282,000	474,000	960,000	373,333
290,000	320,000	610,000	20,652	75,000	32,096	2,000	23,105	6,530	23,199	5,771	23,446	240,000	0,000	143930,772	143931,771	143934,313	143934,606	143934,846	143934,935	0,000	52770,772	52771,771	52774,313	52774,606	52774,846	52774,935	4,024	5,495	3,860	4,772	25,000	0,000	4,952	24,132	1,000	253,000	175,000	960,000	373,333
300,000	390,000	690,000	21,604	30,769	9,032	4,000	26,211	1,644	28,806	0,164	14,836	120,000	0,000	143939,829	143940,828	143943,457	143943,765	143943,885	143944,166	0,000	52779,829	52780,828	52783,457	52783,765	52783,885	52784,166	3,213	0,595	0,471	0,057	25,000	0,000	5,973	1,018	1,000	192,000	388,000	960,000	373,333
440,000	990,000	1430,000	22,785	30,303	22,666	10,000	33,642	4,481	26,224	2,746	28,197	300,000	0,000	143948,782	143949,783	143952,463	143952,905	143953,205	143953,905	0,000	52788,782	52789,783	52792,463	52792,905	52793,205	52793,905	5,637	2,308	3,555	1,519	25,000	0,000	1,789	0,281	1,000	152,000	432,000	960,000	373,333
430,000	430,000	860,000	22,989	60,465	8,980	2,000	18,673	1,847	27,805	1,165	17,485	260,000	0,000	143959,617	144000,618	144003,054	144003,486	144003,745	144003,926	0,000	52799,617	52800,618	52803,054	52803,486	52803,746	52803,926	1,717	1,435	1,245	0,880	25,000	0,000	1,575	3,427	1,000	144,000	326,000	960,000	373,333
350,000	420,000	770,000	23,390	35,714	15,847	4,000	15,501	2,917	28,169	0,800	12,372	150,000	0,000	144008,524	144009,523	144013,628	144013,986	144014,136	144014,416	0,000	52808,524	52809,523	52813,628	52813,986	52814,136	52814,416	1,436	2,648	0,188	0,784	25,000	0,000	1,904	3,532	1,000	140,000	512,000	960,000	373,333
260,000	410,000	670,000	23,233	51,220	11,989	3,000	15,303	3,432	27,056	1,914	14,211	210,000	0,000	144019,010	144020,010	144023,290	144023,555	144023,765	144023,975	0,000	52819,010	52820,010	52823,290	52823,555	52823,765	52823,975	1,550	3,135	0,923	1,735	25,000	0,000	2,965	7,164	1,000	139,000	282,000	960,000	373,333
420,000	450,000	870,000	24,498	93,333	22,917	1,000	12,369	4,837	24,161	4,809	12,369	420,000	0,000	144028,581	144029,582	144034,436	144034,866	144035,286	144035,325	0,000	52828,581	52829,582	52834,436	52834,866	52835,286	52835,325	0,900	4,755	0,901	4,726	25,000	0,000	NaN	0,062	1,000	111,000	568,000	960,000	373,333
510,000	510,000	1020,000	25,036	27,451	15,674	6,000	9,772	3,667	28,266	0,704	8,805	140,000	0,000	144039,927	144040,928	144044,867	144045,385	144045,525	144045,906	0,000	52839,927	52840,928	52844,867	52845,385	52845,525	52845,906	0,818	3,582	0,113	0,697	25,000	0,000	5,340	3,373	1,000	85,000	537,000	960,000	373,333
330,000	670,000	1000,000	21,121	19,403	14,309	6,000	22,777	4,920	28,597	0,373	14,967	130,000	0,000	144050,511	144051,511	144057,364	144057,695	144057,825	144058,375	0,000	52850,511	52851,511	52857,364	52857,695	52857,825	52858,376	3,684	3,939	0,322	0,305	25,000	0,000	1,414	1,504	1,000	228,000	541,000	960,000	373,333
370,000	520,000	890,000	19,246	30,769	17,402	5,000	31,251	3,940	27,851	1,119	25,213	160,000	0,000	144102,975	144103,975	144109,520	144109,896	144110,056	144110,425	0,000	52862,975	52863,975	52869,520	52869,896	52870,056	52870,425	4,446	2,196	1,699	0,547	25,000	0,000	3,497	3,531	1,000	282,000	466,000	960,000	373,333
1500,000	-70,000	1430,000	22,231	-0,000	0,000	0,000	0,000	0,000	28,970	0,000	0,000	0,000	0,000	144115,043	144116,044	144121,081	144122,586	144122,586	144122,526	0,000	52875,043	52876,044	52881,081	52882,586	52882,586	52882,526	0,000	0,000	0,000	0,000	25,000	0,000	NaN	NaN	1,000	173,000	447,000	960,000	373,333
380,000	630,000	1010,000	17,765	39,683	20,924	6,000	34,504	6,215	26,767	2,203	24,545	250,000	0,000	144129,861	144130,861	144133,237	144133,625	144133,875	144134,266	0,000	52889,861	52890,861	52893,237	52893,625	52893,875	52894,266	7,315	3,459	3,079	1,335	25,000	0,000	9,802	14,406	1,000	341,000	499,000	960,000	373,333
380,000	800,000	1180,000	17,781	23,750	18,725	9,000	32,014	8,215	26,653	2,317	21,296	190,000	0,000	144138,862	144139,862	144144,731	144145,116	144145,306	144145,925	0,000	52898,862	52899,862	52904,731	52905,116	52905,306	52905,925	7,540	5,601	2,083	1,811	25,000	0,000	2,578	8,711	1,000	365,000	587,000	960,000	373,333
450,000	650,000	1100,000	25,959	43,077	21,236	6,000	11,833	7,676	25,332	3,638	11,359	280,000	0,000	144150,526	144151,526	144157,245	144157,712	144157,992	144158,365	0,000	52910,526	52911,526	52917,245	52917,712	52917,992	52918,365	1,978	7,430	0,988	3,522	25,000	0,000	4,402	11,118	1,000	87,000	673,000	960,000	373,333
390,000	830,000	1220,000	22,524	15,663	16,947	7,000	18,500	4,414	28,050	0,920	17,430	130,000	0,000	144206,717	144207,717	144210,968	144211,365	144211,495	144212,206	0,000	52926,717	52927,717	52930,968	52931,365	52931,495	52932,206	1,970	3,996	0,606	0,788	25,000	0,000	4,860	6,758	1,000	170,000	242,000	960,000	373,333
370,000	30,000	400,000	25,598	0,000	0,000	0,000	7,951	0,000	28,970	0,000	7,951	0,000	0,000	144216,806	144217,805	144219,911	144220,285	144220,285	144220,325	0,000	52936,806	52937,806	52939,911	52940,285	52940,285	52940,325	0,000	0,000	0,000	0,000	25,000	0,000	NaN	NaN	1,000	50,000	356,000	960,000	373,333
470,000	880,000	1350,000	17,007	19,318	11,715	10,000	38,020	5,937	28,391	0,578	21,457	170,000	0,000	144225,013	144226,012	144230,141	144230,622	144230,791	144231,505	0,000	52945,013	52946,012	52950,141	52950,622	52950,792	52951,506	7,345	2,789	1,182	0,230	25,000	0,000	4,718	3,190	1,000	362,000	463,000	960,000	373,333
640,000	620,000	1260,000	14,951	45,161	26,140	4,000	40,940	8,109	24,133	4,837	34,418	280,000	0,000	144236,108	144237,109	144240,144	144240,786	144241,066	144241,416	0,000	52956,108	52957,109	52960,144	52960,786	52961,066	52961,416	9,226	3,881	5,555	2,744	25,000	0,000	12,906	15,160	1,000	443,000	497,000	960,000	373,333
500,000	930,000	1430,000	12,364	18,280	21,367	9,000	45,554	9,352	28,286	0,684	21,187	170,000	0,000	144246,016	144247,017	144251,304	144251,805	144251,975	144252,745	0,000	52966,016	52967,017	52971,304	52971,805	52971,975	52972,746	11,666	3,770	1,280	0,357	25,000	0,000	3,483	5,184	1,000	537,000	493,000	960,000	373,333
660,000	770,000	1430,000	12,603	14,286	17,163	13,000	48,832	7,755	28,105	0,865	24,914	110,000	0,000	144257,351	144258,351	144301,908	144302,576	144302,686	144303,357	0,000	52977,351	52978,351	52981,908	52982,576	52982,686	52983,357	10,666	1,970	1,455	0,398	25,000	0,000	1,814	7,838	1,000	515,000	426,000	960,000	373,333
560,000	870,000	1430,000	11,645	19,540	14,440	11,000	53,154	7,290	28,149	0,821	26,623	170,000	0,000	144307,965	144308,965	144313,478	144314,046	144314,215	144314,926	0,000	52987,965	52988,966	52993,478	52994,046	52994,216	52994,926	11,341	0,703	1,990	0,138	25,000	0,000	3,116	4,750	1,000	546,000	379,000	960,000	373,333
740,000	690,000	1430,000	5,471	28,986	28,380	10,000	62,770	13,201	26,615	2,355	37,554	200,000	0,000	144319,529	144320,529	144324,639	144325,385	144325,585	144326,085	0,000	52999,529	53000,529	53004,639	53005,385	53005,585	53006,086	16,821	1,569	3,585	0,763	25,000	0,000	11,265	13,013	1,000	766,000	359,000	960,000	373,333
380,000	1050,000	1430,000	6,726	35,238	18,109	9,000	56,847	12,602	25,256	3,714	38,166	370,000	0,000	144330,686	144331,687	144334,140	144334,525	144334,896	144335,586	0,000	53010,686	53011,688	53014,140	53014,526	53014,896	53015,586	16,191	2,592	5,440	1,304	25,000	0,000	7,189	6,957	1,000	725,000	329,000	960,000	373,333
950,000	200,000	1150,000	25,090	95,000	1,450	0,000	10,668	0,102	28,868	0,101	10,668	190,000	0,000	144340,264	144341,265	144343,969	144344,926	144345,116	144345,135	0,000	53020,264	53021,265	53023,969	53024,926	53025,116	53025,135	0,452	0,028	0,451	0,028	25,000	0,000	NaN	0,712	1,000	68,000	361,000	960,000	373,333
2410,000	840,000	3250,000	13,371	34,524	14,502	6,000	47,545	6,828	27,756	1,214	25,553	290,000	0,000	144356,821	144357,821	144400,224	144402,636	144402,926	144403,485	0,000	53036,821	53037,821	53040,224	53042,636	53042,926	53043,485	10,131	1,803	2,431	0,451	25,000	0,000	11,069	2,869	1,000	486,000	410,000	960,000	373,333
590,000	840,000	1430,000	14,964	26,190	10,756	9,000	45,499	5,146	28,020	0,950	26,719	220,000	0,000	144408,100	144409,100	144412,004	144412,596	144412,816	144413,445	0,000	53048,100	53049,100	53052,004	53052,596	53052,816	53053,445	8,089	1,075	2,051	0,237	25,000	0,000	1,077	4,455	1,000	428,000	381,000	960,000	373,333
470,000	960,000	1430,000	4,947	31,250	27,455	7,000	59,371	14,087	25,228	3,742	42,378	300,000	0,000	144419,250	144420,249	144423,604	144424,077	144424,377	144425,045	0,000	53059,250	53060,249	53063,605	53064,077	53064,377	53065,045	17,882	2,620	6,197	0,765	25,000	0,000	7,513	14,049	1,000	786,000	399,000	960,000	373,333
650,000	780,000	1430,000	5,972	25,641	25,269	11,000	57,080	12,607	26,595	2,374	33,865	200,000	0,000	144429,647	144430,648	144433,721	144434,377	144434,577	144435,165	0,000	53069,647	53070,648	53073,721	53074,377	53074,577	53075,165	15,931	2,978	3,589	0,875	25,000	0,000	9,942	10,853	1,000	768,000	464,000	960,000	373,333
1040,000	390,000	1430,000	16,468	38,462	17,502	3,000	39,640	3,038	28,912	0,058	16,665	150,000	0,000	144439,765	144440,765	144444,194	144445,236	144445,386	144445,635	0,000	53079,765	53080,765	53084,194	53085,236	53085,386	53085,635	5,749	0,639	0,164	0,028	25,000	0,000	14,852	0,044	1,000	375,000	398,000	960,000	373,333
1310,000	80,000	1390,000	25,539	0,000	0,099	0,000	8,723	0,004	28,970	0,000	8,569	0,000	0,000	144451,150	144452,149	144454,495	144455,815	144455,815	144455,905	0,000	53091,150	53092,149	53094,495	53095,815	53095,815	53095,906	0,030	0,000	0,000	0,000	25,000	0,000	0,010	NaN	1,000	52,000	365,000	960,000	373,333
730,000	700,000	1430,000	17,550	27,143	8,438	10,000	39,148	3,410	28,233	0,737	23,209	190,000	0,000	144502,990	144503,990	144508,495	144509,236	144509,426	144509,945	0,000	53102,990	53103,990	53108,495	53109,236	53109,426	53109,945	5,651	0,853	1,300	0,313	25,000	0,000	4,647	3,399	1,000	336,000	372,000	960,000	373,333
30,000	1400,000	1430,000	8,274	21,429	45,903	11,000	58,978	12,560	27,771	1,199	28,712	300,000	0,000	144514,656	144515,656	144521,025	144521,226	144521,526	144522,636	0,000	53114,656	53115,656	53121,026	53121,226	53121,526	53122,636	17,942	1,304	3,342	0,178	25,000	0,000	5,694	7,064	1,000	666,000	384,000	960,000	373,333
270,000	980,000	1250,000	2,666	35,714	61,590	9,000	61,918	17,603	19,152	9,818	59,570	350,000	0,000	144527,249	144528,249	144531,724	144531,995	144532,345	144532,986	0,000	53127,249	53128,249	53131,724	53131,995	53132,345	53132,986	22,558	2,784	15,140	1,166	25,000	0,000	41,875	40,198	1,000	888,000	435,000	960,000	373,333
350,000	880,000	1230,000	1,159	32,955	56,284	4,000	62,726	18,590	19,176	9,794	59,479	290,000	0,000	144537,583	144538,583	144544,495	144544,856	144545,146	144545,745	0,000	53137,583	53138,583	53144,496	53144,856	53145,146	53145,746	22,586	3,122	14,121	1,217	25,000	0,000	42,707	43,537	1,000	927,000	398,000	960,000	373,333
360,000	890,000	1250,000	3,125	52,809	94,079	5,000	63,974	21,867	9,058	19,912	64,913	470,000	0,000	144550,345	144551,345	144555,144	144555,505	144555,975	144556,405	0,000	53150,345	53151,345	53155,144	53155,505	53155,975	53156,406	26,354	4,107	24,847	3,081	25,000	0,000	14,207	12,182	1,000	850,000	389,000	960,000	373,333
180,000	90,000	270,000	24,646	0,000	1,187	0,000	13,312	0,069	28,970	0,000	13,078	0,000	0,000	144601,013	144602,014	144605,071	144605,272	144605,272	144605,366	0,000	53161,013	53162,014	53165,071	53165,272	53165,272	53165,366	0,058	0,058	0,000	0,000	25,000	0,000	0,623	NaN	1,000	84,000	351,000	960,000	373,333
690,000	740,000	1430,000	4,217	45,946	49,974	4,000	65,054	23,646	17,446	11,524	59,168	340,000	0,000	144610,093	144611,093	144616,648	144617,346	144617,686	144618,095	0,000	53170,093	53171,093	53176,648	53177,346	53177,686	53178,096	27,388	4,470	15,243	2,203	25,000	0,000	32,512	42,549	1,000	1109,000	390,000	960,000	373,333
310,000	740,000	1050,000	1,240	32,432	47,686	6,000	63,710	20,998	25,403	3,567	43,075	240,000	0,000	144622,980	144623,980	144626,518	144626,841	144627,081	144627,587	0,000	53182,980	53183,980	53186,518	53186,841	53187,081	53187,587	24,870	3,860	6,118	0,596	25,000	0,000	5,467	16,982	1,000	1004,000	376,000	960,000	373,333
390,000	730,000	1120,000	2,049	32,877	54,738	6,000	61,154	18,238	25,229	3,741	44,185	240,000	0,000	144634,733	144635,733	144641,681	144642,086	144642,326	144642,826	0,000	53194,733	53195,733	53201,681	53202,086	53202,326	53202,826	22,394	3,293	6,689	0,548	25,000	0,000	10,801	20,443	1,000	933,000	441,000	960,000	373,333
580,000	850,000	1430,000	1,514	41,176	53,764	6,000	63,681	17,963	19,534	9,435	58,136	350,000	0,000	144650,667	144651,667	144653,959	144654,546	144654,896	144655,405	0,000	53210,667	53211,667	53213,959	53214,546	53214,896	53215,405	22,595	2,250	13,888	1,255	25,000	0,000	42,996	40,703	1,000	937,000	422,000	960,000	373,333
370,000	900,000	1270,000	4,015	38,889	49,687	7,000	64,736	22,428	22,181	6,789	53,104	350,000	0,000	144701,817	144702,817	144705,378	144705,763	144706,113	144706,666	0,000	53221,817	53222,817	53225,378	53225,763	53226,113	53226,666	27,063	3,376	10,807	0,860	25,000	0,000	21,888	29,598	1,000	1056,000	479,000	960,000	373,333
550,000	880,000	1430,000	0,478	53,409	41,179	4,000	64,265	19,782	20,361	8,609	55,378	470,000	0,000	144711,455	144712,455	144715,675	144716,236	144716,706	144717,126	0,000	53231,455	53232,455	53235,675	53236,236	53236,706	53237,126	24,141	3,237	12,450	1,409	25,000	0,000	4,566	25,712	1,000	977,000	374,000	960,000	373,333
350,000	1080,000	1430,000	0,839	18,519	39,766	10,000	65,389	18,846	26,887	2,083	38,127	200,000	0,000	144721,732	144722,732	144726,186	144726,552	144726,752	144727,635	0,000	53241,732	53242,732	53246,186	53246,552	53246,752	53247,635	23,673	2,354	4,738	0,207	25,000	0,000	12,975	13,409	1,000	932,000	363,000	960,000	373,333
30,000	990,000	1020,000	2,337	23,232	34,373	8,000	63,383	17,313	28,245	0,725	21,868	230,000	0,000	144732,240	144733,241	144736,404	144736,605	144736,835	144737,606	0,000	53252,240	53253,241	53256,404	53256,605	53256,835	53257,606	22,474	2,306	1,749	0,304	25,000	0,000	1,231	4,998	1,000	878,000	360,000	960,000	373,333
440,000	990,000	1430,000	2,550	19,192	37,282	8,000	64,464	17,892	26,514	2,456	38,297	190,000	0,000	144742,208	144743,209	144749,151	144749,595	144749,785	144750,595	0,000	53262,208	53263,209	53269,151	53269,595	53269,785	53270,595	22,491	2,112	4,654	0,508	25,000	0,000	14,755	14,628	1,000	922,000	291,000	960,000	373,333
400,000	1010,000	1410,000	2,030	17,822	38,106	11,000	62,112	17,362	27,755	1,215	25,555	180,000	0,000	144755,591	144756,591	144801,213	144801,616	144801,796	144802,635	0,000	53275,591	53276,591	53281,213	53281,616	53281,796	53282,635	21,940	2,700	2,060	0,561	25,000	0,000	6,086	5,558	1,000	890,000	391,000	960,000	373,333
620,000	810,000	1430,000	1,056	24,691	39,875	7,000	65,488	17,131	26,185	2,785	42,945	200,000	0,000	144807,235	144808,236	144811,017	144811,645	144811,845	144812,465	0,000	53287,235	53288,236	53291,017	53291,645	53291,845	53292,466	21,421	1,894	5,173	0,281	25,000	0,000	2,437	15,783	1,000	923,000	367,000	960,000	373,333
510,000	920,000	1430,000	1,769	27,174	29,304	9,000	62,212	16,977	24,940	4,030	44,819	250,000	0,000	144818,169	144819,170	144823,641	144824,155	144824,405	144825,085	0,000	53298,169	53299,170	53303,641	53304,155	53304,405	53305,085	21,336	2,558	6,964	0,581	25,000	0,000	12,540	17,894	1,000	902,000	349,000	960,000	373,333
660,000	770,000	1430,000	5,090	19,481	22,087	7,000	59,204	12,429	27,780	1,190	29,133	150,000	0,000	144829,699	144830,698	144833,239	144833,906	144834,056	144834,685	0,000	53309,699	53310,698	53313,239	53313,906	53314,056	53314,685	17,333	1,587	2,889	0,177	25,000	0,000	6,905	8,779	1,000	780,000	392,000	960,000	373,333
340,000	1090,000	1430,000	1,169	26,606	22,745	11,000	60,069	19,148	24,415	4,555	38,095	290,000	0,000	144839,284	144840,284	144844,061	144844,406	144844,696	144845,505	0,000	53319,284	53320,284	53324,061	53324,406	53324,696	53325,505	22,773	4,988	6,230	2,055	25,000	0,000	3,001	19,728	1,000	950,000	333,000	960,000	373,333
710,000	720,000	1430,000	3,135	30,556	31,006	5,000	61,717	13,986	26,534	2,436	36,874	220,000	0,000	144850,106	144851,106	144854,074	144854,786	144855,006	144855,515	0,000	53330,106	53331,106	53334,074	53334,786	53335,006	53335,515	18,692	1,866	4,512	0,568	25,000	0,000	11,094	13,649	1,000	849,000	363,000	960,000	373,333
410,000	1020,000	1430,000	8,792	18,627	17,557	12,000	53,005	10,641	28,026	0,944	24,628	190,000	0,000	144900,120	144901,120	144905,713	144906,126	144906,316	144907,157	0,000	53340,120	53341,120	53345,713	53346,126	53346,316	53347,157	14,426	2,852	2,246	0,284	25,000	0,000	10,666	5,696	1,000	650,000	333,000	960,000	373,333
780,000	650,000	1430,000	11,091	21,538	20,043	8,000	51,768	7,681	28,364	0,606	22,383	140,000	0,000	144911,768	144912,768	144914,987	144915,775	144915,915	144916,435	0,000	53351,768	53352,768	53354,987	53355,775	53355,915	53356,436	11,384	1,477	1,325	0,193	25,000	0,000	15,056	4,708	1,000	570,000	315,000	960,000	373,333
