530,000	900,000	1430,000	23,752	14,444	17,893	9,000	15,660	6,916	27,014	1,955	14,763	130,000	0,000	84014,932	84015,932	84018,874	84019,410	84019,541	84020,320	0,000	31214,932	31215,932	31218,874	31219,411	31219,541	31220,320	1,644	6,710	0,132	1,984	25,000	0,000	5,170	12,710	1,000	163,000	94,000	960,000	373,333
30,000	1400,000	1430,000	24,318	11,429	5,879	18,000	15,099	2,927	28,682	0,288	11,926	160,000	0,000	84026,091	84027,092	84031,200	84031,400	84031,560	84032,810	0,000	31226,091	31227,092	31231,200	31231,400	31231,560	31232,810	1,512	2,655	0,210	0,254	25,000	0,000	2,587	2,285	1,000	96,000	340,000	960,000	373,333
440,000	670,000	1110,000	23,462	29,851	29,600	9,000	25,353	11,308	25,669	3,301	19,207	200,000	0,000	84037,804	84038,804	84042,005	84042,450	84042,650	84043,130	0,000	31237,804	31238,805	31242,005	31242,450	31242,650	31243,130	6,388	9,619	1,514	3,004	25,000	0,000	19,504	19,379	1,000	214,000	0,000	960,000	373,333
450,000	770,000	1220,000	23,462	20,779	26,586	7,000	17,720	9,977	26,536	2,433	13,841	160,000	0,000	84047,746	84048,746	84052,526	84052,980	84053,140	84053,761	0,000	31247,746	31248,746	31252,526	31252,980	31253,140	31253,761	3,626	9,338	0,468	2,407	25,000	0,000	16,036	15,230	1,000	214,000	0,000	960,000	373,333
520,000	400,000	920,000	27,144	30,000	46,093	2,000	13,747	9,479	26,668	2,302	12,163	120,000	0,000	84058,754	84059,754	84103,773	84104,300	84104,420	84104,710	0,000	31258,754	31259,754	31263,773	31264,300	31264,420	31264,710	2,336	9,195	0,258	2,310	25,000	0,000	14,524	18,832	1,000	70,000	0,000	960,000	373,333
440,000	520,000	960,000	27,144	25,000	36,573	2,000	11,991	9,734	26,709	2,261	10,739	130,000	0,000	84111,744	84112,745	84116,330	84116,781	84116,911	84117,310	0,000	31271,744	31272,745	31276,330	31276,781	31276,911	31277,310	1,985	9,534	0,128	2,284	25,000	0,000	16,997	17,982	1,000	70,000	0,000	960,000	373,333
400,000	510,000	910,000	27,144	35,294	44,851	2,000	11,244	9,452	26,191	2,779	10,730	180,000	0,000	84122,722	84123,723	84126,060	84126,470	84126,650	84126,990	0,000	31282,722	31283,723	31286,060	31286,470	31286,650	31286,990	1,535	9,337	0,107	2,815	25,000	0,000	15,563	14,931	1,000	70,000	0,000	960,000	373,333
520,000	550,000	1070,000	27,144	27,273	41,791	6,000	17,784	9,552	26,576	2,393	13,255	150,000	0,000	84131,644	84132,644	84136,988	84137,511	84137,661	84138,071	0,000	31291,644	31292,644	31296,988	31297,511	31297,661	31298,071	3,486	8,943	0,318	2,396	25,000	0,000	14,926	15,219	1,000	70,000	0,000	960,000	373,333
510,000	920,000	1430,000	28,237	19,565	28,385	7,000	8,096	9,901	26,832	2,137	8,387	180,000	0,000	84142,841	84143,842	84147,591	84148,110	84148,289	84149,040	0,000	31302,842	31303,842	31307,592	31308,110	31308,290	31309,040	1,098	9,844	0,058	2,153	25,000	0,000	12,723	12,131	1,000	28,000	0,000	960,000	373,333
530,000	680,000	1210,000	28,185	29,412	23,924	6,000	9,462	9,399	26,514	2,456	10,170	200,000	0,000	84153,782	84154,783	84159,265	84159,800	84160,000	84200,490	0,000	31313,782	31314,783	31319,265	31319,800	31320,000	31320,490	1,267	9,322	0,267	2,452	25,000	0,000	1,462	10,703	1,000	30,000	0,000	960,000	373,333
470,000	640,000	1110,000	27,144	26,562	33,966	5,000	11,176	9,118	26,558	2,412	13,308	170,000	0,000	84205,166	84206,166	84209,598	84210,070	84210,240	84210,722	0,000	31325,166	31326,166	31329,598	31330,070	31330,240	31330,722	1,254	9,056	0,381	2,390	25,000	0,000	14,411	12,715	1,000	70,000	0,000	960,000	373,333
590,000	540,000	1130,000	27,144	33,333	42,500	6,000	10,934	9,852	26,607	2,363	11,457	180,000	0,000	84216,559	84217,559	84223,053	84223,650	84223,830	84224,200	0,000	31336,559	31337,559	31343,053	31343,650	31343,830	31344,200	1,493	9,757	0,192	2,379	25,000	0,000	6,882	12,949	1,000	70,000	0,000	960,000	373,333
490,000	940,000	1430,000	27,664	18,085	38,109	7,000	10,989	9,466	26,699	2,271	12,248	170,000	0,000	84229,958	84230,958	84236,734	84237,231	84237,401	84238,180	0,000	31349,958	31350,958	31356,734	31357,231	31357,401	31358,180	1,257	9,422	0,219	2,285	25,000	0,000	12,686	12,439	1,000	50,000	0,000	960,000	373,333
480,000	740,000	1220,000	27,144	20,270	21,484	7,000	19,632	9,993	26,829	2,141	15,715	150,000	0,000	84247,964	84248,963	84252,087	84252,572	84252,722	84253,321	0,000	31367,964	31368,963	31372,087	31372,572	31372,722	31373,321	3,938	9,225	0,455	2,088	25,000	0,000	10,949	11,758	1,000	70,000	0,000	960,000	373,333
490,000	940,000	1430,000	23,462	42,553	23,440	9,000	18,135	10,113	22,671	6,299	14,349	400,000	0,000	84258,300	84259,302	84304,148	84304,640	84305,040	84305,590	0,000	31378,300	31379,302	31384,148	31384,640	31385,040	31385,590	3,504	9,619	1,388	6,152	25,000	0,000	17,071	16,647	1,000	214,000	0,000	960,000	373,333
550,000	880,000	1430,000	25,459	29,545	18,668	13,000	11,942	9,389	26,591	2,379	13,707	260,000	0,000	84310,216	84311,216	84314,102	84314,659	84314,920	84315,550	0,000	31390,216	31391,216	31394,102	31394,660	31394,920	31395,550	1,347	9,333	0,310	2,377	25,000	0,000	2,350	11,781	1,000	134,000	3,000	960,000	373,333
470,000	960,000	1430,000	24,160	26,042	12,091	11,000	15,425	8,598	27,524	1,446	17,177	250,000	0,000	84322,767	84323,768	84327,435	84327,910	84328,160	84328,880	0,000	31402,767	31403,768	31407,435	31407,910	31408,160	31408,880	2,164	8,325	0,543	1,364	25,000	0,000	1,693	6,125	1,000	170,000	36,000	960,000	373,333
570,000	860,000	1430,000	26,368	15,116	22,193	8,000	12,688	10,086	27,432	1,538	14,102	130,000	0,000	84336,306	84337,306	84343,192	84343,770	84343,900	84344,640	0,000	31416,306	31417,306	31423,192	31423,770	31423,900	31424,640	2,010	9,872	0,498	1,448	25,000	0,000	12,701	12,161	1,000	100,000	0,000	960,000	373,333
490,000	630,000	1120,000	25,136	52,381	28,113	6,000	14,120	9,198	22,230	6,740	15,471	330,000	0,000	84353,706	84354,707	84359,133	84359,630	84359,960	84400,270	0,000	31433,706	31434,707	31439,133	31439,630	31439,960	31440,270	1,660	9,069	1,462	6,580	25,000	0,000	7,269	14,967	1,000	148,000	0,000	960,000	373,333
440,000	970,000	1410,000	25,494	31,959	16,863	10,000	12,911	9,989	25,685	3,284	15,376	310,000	0,000	84406,885	84407,885	84412,315	84412,761	84413,071	84413,740	0,000	31446,885	31447,885	31452,315	31452,761	31453,071	31453,740	2,252	9,732	1,302	3,074	25,000	0,000	8,852	12,358	1,000	134,000	0,000	960,000	373,333
30,000	20,000	50,000	24,700	0,000	0,000	0,000	13,042	0,000	28,970	0,000	13,042	0,000	0,000	84419,502	84420,503	84425,660	84425,861	84425,861	84425,890	0,000	31459,502	31460,503	31465,660	31465,861	31465,861	31465,890	0,000	0,000	0,000	0,000	25,000	0,000	NaN	NaN	1,000	82,000	354,000	960,000	373,333
770,000	660,000	1430,000	22,819	36,364	17,493	8,000	19,782	7,557	25,703	3,267	20,201	240,000	0,000	84436,815	84437,816	84442,393	84443,170	84443,410	84443,840	0,000	31476,815	31477,816	31482,393	31483,170	31483,410	31483,840	2,845	7,004	1,468	2,955	25,000	0,000	3,300	11,798	1,000	215,000	52,000	960,000	373,333
400,000	1030,000	1430,000	23,392	16,505	22,533	13,000	19,919	10,320	26,550	2,420	17,073	170,000	0,000	84449,623	84450,624	84453,680	84454,089	84454,259	84455,130	0,000	31489,623	31490,624	31493,680	31494,089	31494,259	31495,130	4,226	9,478	0,933	2,271	25,000	0,000	14,559	15,637	1,000	208,000	18,000	960,000	373,333
530,000	900,000	1430,000	22,797	25,556	20,206	9,000	19,327	10,334	27,103	1,867	20,749	230,000	0,000	84500,911	84501,912	84506,582	84507,120	84507,350	84508,030	0,000	31500,911	31501,912	31506,582	31507,120	31507,350	31508,030	3,797	9,628	1,238	1,584	25,000	0,000	5,154	12,621	1,000	240,000	1,000	960,000	373,333
740,000	690,000	1430,000	23,944	21,739	16,361	6,000	15,884	7,595	28,054	0,915	15,158	150,000	0,000	84513,685	84514,686	84518,955	84519,701	84519,851	84520,400	0,000	31513,685	31514,686	31518,955	31519,701	31519,851	31520,400	2,610	7,168	0,546	0,819	25,000	0,000	8,076	5,586	1,000	170,000	56,000	960,000	373,333
640,000	790,000	1430,000	23,372	18,987	12,979	10,000	16,885	7,068	28,015	0,955	16,226	150,000	0,000	84525,032	84526,032	84528,264	84528,910	84529,060	84529,710	0,000	31525,032	31526,032	31528,264	31528,910	31529,060	31529,710	2,366	6,677	0,448	0,876	25,000	0,000	2,375	6,877	1,000	181,000	84,000	960,000	373,333
970,000	460,000	1430,000	22,640	30,435	10,303	6,000	19,147	3,715	27,956	1,014	17,405	140,000	0,000	84534,333	84535,333	84537,624	84538,600	84538,740	84539,070	0,000	31534,333	31535,333	31537,624	31538,600	31538,740	31539,070	2,037	3,249	0,761	0,845	25,000	0,000	1,449	6,741	1,000	169,000	224,000	960,000	373,333
1790,000	220,000	2010,000	21,657	90,909	4,062	1,000	25,577	0,567	28,425	0,545	25,393	200,000	0,000	84544,970	84545,970	84550,364	84552,161	84552,361	84552,390	0,000	31544,970	31545,970	31550,364	31552,161	31552,361	31552,390	0,999	0,173	0,961	0,169	25,000	0,000	NaN	1,531	1,000	190,000	369,000	960,000	373,333
1380,000	50,000	1430,000	21,452	0,000	3,636	0,000	22,767	0,199	28,966	0,003	19,404	0,000	0,000	84557,018	84558,018	84601,020	84602,410	84602,410	84602,470	0,000	31557,018	31558,018	31561,020	31562,410	31562,410	31562,470	0,472	0,048	0,010	0,000	25,000	0,000	0,300	NaN	1,000	198,000	407,000	960,000	373,333
650,000	780,000	1430,000	8,489	28,205	19,771	8,000	54,040	10,819	27,277	1,693	31,367	220,000	0,000	84609,588	84610,588	84613,895	84614,552	84614,772	84615,341	0,000	31569,588	31570,588	31573,895	31574,552	31574,772	31575,341	14,536	2,364	3,298	0,430	25,000	0,000	9,031	7,131	1,000	680,000	486,000	960,000	373,333
450,000	980,000	1430,000	6,316	15,306	35,404	10,000	63,367	21,948	27,826	1,143	28,720	150,000	0,000	84620,533	84621,533	84624,858	84625,310	84625,459	84626,299	0,000	31580,533	31581,533	31584,858	31585,310	31585,460	31586,299	26,618	4,160	2,584	0,256	25,000	0,000	13,919	8,420	1,000	1092,000	555,000	960,000	373,333
520,000	910,000	1430,000	6,960	15,385	34,150	7,000	61,024	21,286	27,904	1,066	29,367	140,000	0,000	84631,717	84632,717	84636,871	84637,400	84637,540	84638,320	0,000	31591,717	31592,717	31596,871	31597,400	31597,540	31598,320	25,133	5,526	2,645	0,124	25,000	0,000	16,478	8,069	1,000	1070,000	595,000	960,000	373,333
470,000	960,000	1430,000	6,360	25,000	28,663	7,000	56,013	17,171	27,723	1,247	27,488	240,000	0,000	84642,942	84643,943	84649,325	84649,801	84650,041	84650,770	0,000	31602,942	31603,943	31609,325	31609,801	31610,041	31610,770	20,213	5,797	2,692	0,399	25,000	0,000	15,427	7,680	1,000	866,000	579,000	960,000	373,333
440,000	990,000	1430,000	9,089	21,212	23,056	9,000	52,597	10,549	28,254	0,716	26,533	210,000	0,000	84655,736	84656,737	84701,668	84702,110	84702,320	84703,111	0,000	31615,736	31616,737	31621,668	31622,110	31622,320	31623,111	13,495	3,009	1,678	0,104	25,000	0,000	16,507	4,031	1,000	659,000	491,000	960,000	373,333
500,000	930,000	1430,000	10,816	21,505	21,484	12,000	47,968	11,068	28,317	0,653	21,506	200,000	0,000	84708,252	84709,253	84713,153	84713,660	84713,860	84714,600	0,000	31628,252	31629,253	31633,153	31633,660	31633,860	31634,600	13,376	4,457	1,262	0,279	25,000	0,000	14,929	2,887	1,000	620,000	553,000	960,000	373,333
630,000	800,000	1430,000	11,630	16,250	14,831	10,000	51,367	7,914	28,402	0,568	23,638	130,000	0,000	84720,019	84721,020	84725,968	84726,600	84726,730	84727,410	0,000	31640,019	31641,020	31645,968	31646,600	31646,730	31647,410	11,274	1,695	1,356	0,107	25,000	0,000	9,637	4,752	1,000	547,000	394,000	960,000	373,333
480,000	950,000	1430,000	13,910	18,947	13,738	9,000	50,522	6,048	28,569	0,401	19,572	180,000	0,000	84732,128	84733,129	84737,990	84738,483	84738,663	84739,441	0,000	31652,128	31653,129	31657,990	31658,483	31658,663	31659,441	9,597	0,844	0,634	0,249	25,000	0,000	9,942	2,938	1,000	467,000	334,000	960,000	373,333
470,000	960,000	1430,000	4,455	14,583	27,296	10,000	62,650	12,861	28,425	0,545	23,769	140,000	0,000	84744,061	84745,061	84750,012	84750,490	84750,630	84751,460	0,000	31664,061	31665,061	31670,012	31670,490	31670,630	31671,460	17,912	1,094	1,482	0,113	25,000	0,000	21,547	3,988	1,000	805,000	406,000	960,000	373,333
470,000	960,000	1430,000	3,803	16,667	32,123	11,000	64,937	20,251	27,816	1,153	28,990	160,000	0,000	84756,231	84757,232	84802,803	84803,281	84803,441	84804,250	0,000	31676,231	31677,232	31682,803	31683,281	31683,441	31684,250	25,311	2,821	2,678	0,189	25,000	0,000	24,328	6,872	1,000	1070,000	452,000	960,000	373,333
550,000	880,000	1430,000	4,324	19,318	37,070	11,000	65,658	20,664	27,324	1,646	32,137	170,000	0,000	84812,415	84813,415	84817,141	84817,699	84817,869	84818,591	0,000	31692,415	31693,415	31697,141	31697,699	31697,869	31698,591	24,956	3,662	2,880	0,539	25,000	0,000	26,022	10,345	1,000	1089,000	457,000	960,000	373,333
410,000	1020,000	1430,000	6,083	18,627	20,313	14,000	59,512	13,489	27,802	1,167	29,946	190,000	0,000	84823,523	84824,523	84827,746	84828,161	84828,351	84829,189	0,000	31703,523	31704,523	31707,747	31708,161	31708,351	31709,189	17,515	2,342	2,564	0,224	25,000	0,000	10,514	6,117	1,000	753,000	436,000	960,000	373,333
700,000	30,000	730,000	24,216	0,000	0,000	0,000	14,683	0,000	28,970	0,000	14,683	0,000	0,000	84834,237	84835,237	84840,594	84841,299	84841,299	84841,340	0,000	31714,237	31715,237	31720,594	31721,300	31721,300	31721,340	0,000	0,000	0,000	0,000	25,000	0,000	NaN	NaN	1,000	99,000	374,000	960,000	373,333
470,000	60,000	530,000	24,217	0,000	0,796	0,000	14,493	0,036	28,970	0,000	14,389	0,000	0,000	84846,114	84847,114	84852,894	84853,371	84853,371	84853,442	0,000	31726,114	31727,114	31732,894	31733,371	31733,371	31733,442	0,030	0,030	0,000	0,000	25,000	0,000	0,163	NaN	1,000	99,000	381,000	960,000	373,333
710,000	720,000	1430,000	9,531	23,611	21,859	6,000	54,685	9,143	27,959	1,011	27,821	170,000	0,000	84858,066	84859,067	84903,390	84904,109	84904,279	84904,840	0,000	31738,066	31739,067	31743,390	31744,109	31744,279	31744,840	13,061	1,778	2,478	0,152	25,000	0,000	13,296	6,089	1,000	629,000	446,000	960,000	373,333
820,000	610,000	1430,000	9,814	24,590	22,107	6,000	55,042	8,944	27,852	1,117	31,036	150,000	0,000	84909,462	84910,462	84912,773	84913,601	84913,751	84914,220	0,000	31749,462	31750,462	31752,773	31753,601	31753,751	31754,220	12,433	1,587	2,439	0,160	25,000	0,000	14,389	7,359	1,000	613,000	410,000	960,000	373,333
460,000	970,000	1430,000	1,830	12,371	29,729	8,000	66,184	17,139	28,537	0,433	22,319	120,000	0,000	84920,192	84921,193	84923,817	84924,281	84924,401	84925,260	0,000	31760,192	31761,193	31763,817	31764,281	31764,401	31765,260	21,985	1,720	1,079	0,132	25,000	0,000	11,198	3,297	1,000	899,000	396,000	960,000	373,333
430,000	1000,000	1430,000	7,004	33,000	19,648	10,000	61,848	13,525	24,229	4,741	49,457	330,000	0,000	84929,875	84930,876	84933,439	84933,880	84934,210	84934,890	0,000	31769,876	31770,876	31773,439	31773,880	31774,210	31774,890	16,860	1,954	7,307	0,623	25,000	0,000	9,422	16,309	1,000	711,000	378,000	960,000	373,333
430,000	1000,000	1430,000	4,744	18,000	23,478	15,000	58,662	14,183	27,846	1,124	28,886	180,000	0,000	84941,047	84942,046	84945,874	84946,310	84946,490	84947,320	0,000	31781,047	31782,046	31785,874	31786,310	31786,490	31787,320	18,386	2,862	2,725	0,171	25,000	0,000	13,626	7,431	1,000	803,000	435,000	960,000	373,333
440,000	990,000	1430,000	6,680	13,131	18,079	13,000	59,547	11,823	28,150	0,820	24,321	130,000	0,000	84952,718	84953,718	84956,373	84956,820	84956,950	84957,820	0,000	31792,718	31793,718	31796,373	31796,820	31796,950	31797,820	16,655	1,424	1,902	0,246	25,000	0,000	10,931	6,419	1,000	726,000	414,000	960,000	373,333
490,000	940,000	1430,000	5,906	21,277	24,513	11,000	58,428	12,608	27,849	1,121	27,945	200,000	0,000	85004,190	85005,192	85008,780	85009,281	85009,481	85010,231	0,000	31804,191	31805,192	31808,780	31809,281	31809,481	31810,231	17,322	2,298	2,977	0,164	25,000	0,000	15,763	6,840	1,000	757,000	427,000	960,000	373,333
480,000	950,000	1430,000	6,489	13,684	22,461	11,000	58,775	12,360	28,298	0,672	25,685	130,000	0,000	85015,406	85016,407	85020,988	85021,470	85021,600	85022,431	0,000	31815,407	31816,407	31820,988	31821,470	31821,600	31822,431	16,226	2,175	1,350	0,198	25,000	0,000	17,064	5,205	1,000	745,000	457,000	960,000	373,333
510,000	920,000	1430,000	4,687	15,217	30,695	9,000	60,828	12,354	28,281	0,689	26,413	140,000	0,000	85028,465	85029,466	85033,276	85033,791	85033,931	85034,720	0,000	31828,465	31829,466	31833,276	31833,791	31833,931	31834,720	16,690	1,474	1,404	0,195	25,000	0,000	25,502	4,325	1,000	794,000	388,000	960,000	373,333
570,000	860,000	1430,000	6,934	30,233	24,649	7,000	57,991	11,074	27,363	1,607	29,286	260,000	0,000	85039,346	85040,347	85043,928	85044,501	85044,761	85045,370	0,000	31839,347	31840,347	31843,928	31844,501	31844,761	31845,370	15,507	1,714	2,988	0,563	25,000	0,000	13,302	6,789	1,000	715,000	401,000	960,000	373,333
610,000	820,000	1430,000	4,405	15,854	32,902	11,000	60,739	13,567	28,266	0,704	24,436	130,000	0,000	85051,883	85052,884	85057,727	85058,340	85058,470	85059,170	0,000	31851,884	31852,884	31857,727	31858,340	31858,470	31859,170	18,374	2,219	1,949	0,143	25,000	0,000	26,472	5,907	1,000	814,000	430,000	960,000	373,333
510,000	920,000	1430,000	4,312	23,913	29,096	9,000	60,029	15,115	27,892	1,078	26,897	220,000	0,000	85105,391	85106,391	85109,553	85110,071	85110,291	85111,001	0,000	31865,391	31866,391	31869,553	31870,071	31870,291	31871,001	20,022	3,030	2,912	0,169	25,000	0,000	21,513	5,595	1,000	868,000	496,000	960,000	373,333
530,000	900,000	1430,000	3,992	21,111	29,535	8,000	60,503	14,272	27,940	1,029	24,321	190,000	0,000	85115,638	85116,638	85118,924	85119,460	85119,650	85120,371	0,000	31875,638	31876,638	31878,924	31879,460	31879,650	31880,371	19,008	2,559	2,115	0,397	25,000	0,000	21,770	6,784	1,000	829,000	428,000	960,000	373,333
620,000	810,000	1430,000	3,200	25,926	31,935	8,000	63,093	13,957	27,323	1,646	31,641	210,000	0,000	85124,991	85125,992	85130,628	85131,250	85131,460	85132,070	0,000	31884,991	31885,992	31890,628	31891,250	31891,460	31892,070	18,838	1,536	3,367	0,307	25,000	0,000	23,104	7,851	1,000	851,000	406,000	960,000	373,333
650,000	780,000	1430,000	6,541	23,077	27,656	10,000	59,657	11,082	28,035	0,935	28,237	180,000	0,000	85136,859	85137,860	85142,452	85143,110	85143,291	85143,900	0,000	31896,859	31897,860	31902,452	31903,111	31903,291	31903,900	15,559	1,339	2,260	0,114	25,000	0,000	22,695	4,536	1,000	731,000	414,000	960,000	373,333
570,000	860,000	1430,000	2,695	37,209	36,639	5,000	61,985	18,303	25,276	3,694	42,368	320,000	0,000	85148,526	85149,526	85151,577	85152,150	85152,470	85153,020	0,000	31908,526	31909,526	31911,577	31912,150	31912,470	31913,020	22,864	3,353	6,549	0,650	25,000	0,000	22,989	12,867	1,000	991,000	464,000	960,000	373,333
530,000	900,000	1430,000	3,720	14,444	30,491	8,000	61,151	14,399	28,298	0,672	25,828	130,000	0,000	85157,723	85158,723	85204,084	85204,621	85204,751	85205,531	0,000	31917,723	31918,723	31924,085	31924,621	31924,751	31925,531	18,543	2,623	1,516	0,144	25,000	0,000	23,681	5,414	1,000	837,000	422,000	960,000	373,333
