370,000	230,000	600,000	27,963	0,000	97,114	0,000	5,881	10,104	28,959	0,011	8,152	0,000	0,000	123215,273	123216,274	123218,733	123219,111	123219,111	123219,350	0,000	45135,273	45136,274	45138,733	45139,111	45139,111	45139,350	0,567	10,104	0,005	0,010	25,000	0,000	93,014	NaN	1,000	47,000	767,000	960,000	373,333
330,000	150,000	480,000	26,719	73,333	23,785	1,000	12,947	1,360	28,550	0,420	14,103	110,000	0,000	123226,955	123227,956	123231,329	123231,662	123231,772	123231,821	0,000	45146,956	45147,956	45151,329	45151,662	45151,772	45151,821	1,271	1,147	0,495	0,389	25,000	0,000	1,231	3,485	1,000	12,000	435,000	960,000	373,333
380,000	70,000	450,000	26,158	0,000	9,987	0,000	9,906	0,493	28,967	0,003	7,476	0,000	0,000	123236,454	123237,455	123242,071	123242,461	123242,461	123242,541	0,000	45156,454	45157,455	45162,071	45162,461	45162,461	45162,541	0,588	0,406	0,015	0,003	25,000	0,000	2,569	NaN	1,000	31,000	418,000	960,000	373,333
270,000	420,000	690,000	27,176	33,333	20,330	6,000	13,280	2,852	28,707	0,262	8,811	140,000	0,000	123247,664	123248,664	123252,890	123253,161	123253,301	123253,591	0,000	45167,664	45168,664	45172,890	45173,161	45173,301	45173,591	1,534	2,599	0,057	0,253	25,000	0,000	11,133	0,983	1,000	0,000	483,000	960,000	373,333
340,000	80,000	420,000	26,603	0,000	18,706	0,000	9,275	1,053	28,945	0,025	7,173	0,000	0,000	123258,446	123259,446	123305,037	123305,380	123305,380	123305,471	0,000	45178,446	45179,446	45185,037	45185,381	45185,381	45185,471	0,610	0,952	0,013	0,023	25,000	0,000	12,094	NaN	1,000	17,000	447,000	960,000	373,333
1710,000	140,000	1850,000	23,750	0,000	4,150	0,000	14,550	0,439	28,970	0,000	9,341	0,000	0,000	123312,114	123313,115	123318,030	123319,752	123319,752	123319,902	0,000	45192,115	45193,115	45198,030	45199,752	45199,752	45199,902	0,956	0,272	0,005	0,000	25,000	0,000	3,511	NaN	1,000	116,000	401,000	960,000	373,333
380,000	420,000	800,000	27,235	40,476	25,245	3,000	10,417	6,072	25,302	3,668	9,993	170,000	0,000	123325,196	123326,196	123329,599	123329,982	123330,152	123330,410	0,000	45205,196	45206,196	45209,599	45209,982	45210,152	45210,410	1,267	5,937	0,692	3,609	25,000	0,000	19,098	20,192	1,000	26,000	629,000	960,000	373,333
330,000	250,000	580,000	24,981	56,000	23,984	2,000	10,245	3,837	26,118	2,852	10,624	140,000	0,000	123336,755	123337,756	123341,625	123341,961	123342,101	123342,220	0,000	45216,755	45217,756	45221,625	45221,961	45222,101	45222,221	0,114	3,888	0,038	2,901	25,000	0,000	9,254	20,381	1,000	86,000	215,000	960,000	373,333
390,000	80,000	470,000	26,629	0,000	8,482	0,000	11,184	0,450	28,970	0,000	7,940	0,000	0,000	123346,842	123347,843	123350,619	123351,011	123351,011	123351,101	0,000	45226,842	45227,843	45230,619	45231,011	45231,011	45231,101	0,638	0,348	0,015	0,000	25,000	0,000	4,101	NaN	1,000	15,000	315,000	960,000	373,333
350,000	100,000	450,000	25,594	0,000	0,736	0,000	8,216	0,037	28,970	0,000	7,936	0,000	0,000	123356,187	123357,188	123401,880	123402,241	123402,241	123402,351	0,000	45236,187	45237,188	45241,880	45242,241	45242,241	45242,351	0,057	0,029	0,000	0,000	25,000	0,000	0,183	NaN	1,000	50,000	374,000	960,000	373,333
350,000	350,000	700,000	18,124	97,143	25,657	0,000	33,663	4,729	24,242	4,727	33,663	340,000	0,000	123406,975	123407,975	123410,480	123410,832	123411,172	123411,191	0,000	45246,975	45247,975	45250,480	45250,832	45251,172	45251,191	5,486	2,475	5,485	2,475	25,000	0,000	NaN	2,291	1,000	327,000	494,000	960,000	373,333
350,000	280,000	630,000	25,962	60,714	24,384	1,000	18,724	4,824	26,135	2,834	15,426	170,000	0,000	123417,150	123418,150	123423,447	123423,801	123423,971	123424,091	0,000	45257,150	45258,150	45263,447	45263,801	45263,971	45264,091	2,274	4,326	0,781	2,733	25,000	0,000	7,812	14,569	1,000	51,000	534,000	960,000	373,333
400,000	290,000	690,000	25,402	96,552	12,623	0,000	10,561	2,257	26,714	2,256	10,561	280,000	0,000	123430,612	123431,611	123436,455	123436,861	123437,141	123437,161	0,000	45270,612	45271,611	45276,455	45276,861	45277,141	45277,161	0,394	2,223	0,394	2,221	25,000	0,000	NaN	4,160	1,000	62,000	470,000	960,000	373,333
370,000	530,000	900,000	27,253	26,415	14,586	4,000	13,367	3,141	27,206	1,764	12,116	140,000	0,000	123441,785	123442,785	123445,828	123446,200	123446,340	123446,741	0,000	45281,785	45282,785	45285,828	45286,200	45286,340	45286,741	1,631	2,870	0,979	1,622	25,000	0,000	10,467	11,231	1,000	0,000	505,000	960,000	373,333
320,000	390,000	710,000	16,293	38,462	17,679	4,000	42,836	4,366	27,343	1,627	31,866	150,000	0,000	123452,240	123453,241	123456,223	123456,551	123456,701	123456,950	0,000	45292,240	45293,241	45296,223	45296,551	45296,701	45296,950	7,654	0,506	3,639	0,294	25,000	0,000	6,472	12,093	1,000	382,000	412,000	960,000	373,333
330,000	150,000	480,000	26,637	93,333	12,511	0,000	16,240	1,445	27,539	1,431	16,240	140,000	0,000	123503,256	123504,255	123508,462	123508,801	123508,941	123508,961	0,000	45303,256	45304,255	45308,462	45308,801	45308,941	45308,961	1,489	1,107	1,488	1,100	25,000	0,000	NaN	11,481	1,000	15,000	436,000	960,000	373,333
370,000	120,000	490,000	26,902	91,667	17,072	0,000	9,423	1,279	27,701	1,269	9,423	110,000	0,000	123515,456	123516,455	123521,115	123521,491	123521,601	123521,621	0,000	45315,456	45316,455	45321,115	45321,491	45321,601	45321,621	0,889	1,168	0,888	1,161	25,000	0,000	NaN	16,394	1,000	9,000	476,000	960,000	373,333
320,000	260,000	580,000	24,902	96,154	24,605	0,000	9,546	3,572	25,399	3,571	9,546	250,000	0,000	123527,925	123528,925	123532,031	123532,361	123532,611	123532,630	0,000	45327,925	45328,925	45332,031	45332,361	45332,611	45332,630	0,564	3,522	0,566	3,521	25,000	0,000	NaN	8,242	1,000	93,000	553,000	960,000	373,333
610,000	380,000	990,000	27,167	81,579	36,116	2,000	13,325	5,265	23,744	5,226	13,351	310,000	0,000	123541,644	123542,644	123544,707	123545,321	123545,631	123545,710	0,000	45341,644	45342,644	45344,707	45345,321	45345,631	45345,710	1,800	4,979	1,781	4,949	25,000	0,000	0,249	0,156	1,000	22,000	604,000	960,000	373,333
270,000	300,000	570,000	19,735	96,667	26,858	0,000	29,312	3,519	25,454	3,516	29,312	290,000	0,000	123550,343	123551,342	123553,793	123554,072	123554,362	123554,382	0,000	45350,343	45351,342	45353,793	45354,072	45354,362	45354,382	3,375	2,223	3,375	2,219	25,000	0,000	NaN	0,397	1,000	265,000	470,000	960,000	373,333
260,000	360,000	620,000	25,896	55,556	21,872	2,000	9,055	3,015	27,078	1,892	8,884	200,000	0,000	123559,010	123600,011	123605,832	123606,101	123606,301	123606,470	0,000	45359,010	45360,011	45365,832	45366,101	45366,301	45366,470	0,365	2,981	0,154	1,882	25,000	0,000	3,818	0,229	1,000	48,000	500,000	960,000	373,333
320,000	310,000	630,000	27,978	96,774	39,361	0,000	8,231	5,259	23,714	5,256	8,231	300,000	0,000	123613,209	123614,210	123617,078	123617,400	123617,700	123617,721	0,000	45373,210	45374,210	45377,078	45377,400	45377,700	45377,721	1,209	5,147	1,209	5,144	25,000	0,000	NaN	0,305	1,000	0,000	634,000	960,000	373,333
320,000	20,000	340,000	25,962	0,000	0,000	0,000	5,194	0,000	28,970	0,000	5,194	0,000	0,000	123624,818	123625,819	123628,907	123629,232	123629,232	123629,262	0,000	45384,818	45385,819	45388,907	45389,232	45389,232	45389,262	0,000	0,000	0,000	0,000	25,000	0,000	NaN	NaN	1,000	38,000	418,000	960,000	373,333
320,000	30,000	350,000	26,117	0,000	0,000	0,000	6,644	0,000	28,970	0,000	6,644	0,000	0,000	123634,067	123635,068	123638,289	123638,611	123638,611	123638,651	0,000	45394,067	45395,068	45398,289	45398,611	45398,611	45398,651	0,000	0,000	0,000	0,000	25,000	0,000	NaN	NaN	1,000	35,000	455,000	960,000	373,333
410,000	70,000	480,000	25,999	0,000	20,832	0,000	10,347	1,110	28,936	0,034	9,300	0,000	0,000	123647,531	123648,533	123651,115	123651,530	123651,530	123651,611	0,000	45407,532	45408,533	45411,115	45411,530	45411,530	45411,611	0,438	1,015	0,021	0,031	25,000	0,000	9,654	NaN	1,000	42,000	482,000	960,000	373,333
3010,000	20,000	3030,000	26,058	0,000	0,000	0,000	4,697	0,000	28,970	0,000	4,697	0,000	0,000	123656,252	123657,251	123702,531	123705,550	123705,550	123705,581	0,000	45416,252	45417,251	45422,531	45425,550	45425,550	45425,581	0,000	0,000	0,000	0,000	25,000	0,000	NaN	NaN	1,000	35,000	426,000	960,000	373,333
360,000	70,000	430,000	26,546	0,000	21,176	0,000	6,689	1,119	28,940	0,029	5,690	0,000	0,000	123710,207	123711,208	123714,737	123715,101	123715,101	123715,181	0,000	45430,207	45431,208	45434,737	45435,101	45435,101	45435,181	0,352	1,074	0,013	0,028	25,000	0,000	9,412	NaN	1,000	21,000	469,000	960,000	373,333
310,000	60,000	370,000	25,963	0,000	14,742	0,000	11,599	0,657	28,970	0,000	10,090	0,000	0,000	123719,952	123720,951	123725,200	123725,511	123725,511	123725,581	0,000	45439,952	45440,951	45445,200	45445,511	45445,511	45445,581	0,443	0,585	0,018	0,000	25,000	0,000	2,414	NaN	1,000	38,000	419,000	960,000	373,333
320,000	70,000	390,000	26,441	0,000	32,283	0,000	7,796	1,713	28,920	0,050	7,025	0,000	0,000	123732,750	123733,750	123738,091	123738,421	123738,421	123738,502	0,000	45452,750	45453,750	45458,091	45458,421	45458,421	45458,502	0,409	1,654	0,018	0,049	25,000	0,000	14,911	NaN	1,000	29,000	504,000	960,000	373,333
340,000	340,000	680,000	27,636	70,588	37,668	2,000	10,501	4,407	24,680	4,290	10,552	240,000	0,000	123744,330	123745,331	123748,244	123748,591	123748,831	123748,941	0,000	45464,330	45465,331	45468,244	45468,591	45468,831	45468,941	1,519	4,221	1,519	4,101	25,000	0,000	3,681	4,143	1,000	0,000	583,000	960,000	373,333
360,000	60,000	420,000	26,486	0,000	11,098	0,000	8,218	0,496	28,970	0,000	6,454	0,000	0,000	123757,085	123758,085	123803,224	123803,592	123803,592	123803,661	0,000	45477,085	45478,085	45483,224	45483,592	45483,592	45483,661	0,472	0,439	0,021	0,000	25,000	0,000	1,866	NaN	1,000	22,000	457,000	960,000	373,333
320,000	40,000	360,000	26,403	0,000	7,097	0,000	5,961	0,317	28,942	0,028	6,116	0,000	0,000	123808,588	123809,588	123813,837	123814,161	123814,161	123814,211	0,000	45488,588	45489,588	45493,837	45494,161	45494,161	45494,211	0,000	0,289	0,000	0,026	25,000	0,000	0,321	NaN	1,000	23,000	431,000	960,000	373,333
400,000	270,000	670,000	18,459	96,296	29,799	0,000	32,940	3,866	25,105	3,865	32,940	260,000	0,000	123818,987	123819,987	123823,503	123823,912	123824,172	123824,191	0,000	45498,987	45499,987	45503,503	45503,912	45504,172	45504,191	4,443	1,971	4,443	1,969	25,000	0,000	NaN	4,575	1,000	311,000	471,000	960,000	373,333
300,000	320,000	620,000	17,573	43,750	34,644	2,000	33,244	6,148	25,001	3,968	28,963	140,000	0,000	123828,845	123829,846	123833,939	123834,251	123834,391	123834,581	0,000	45508,845	45509,846	45513,939	45514,251	45514,391	45514,581	6,274	3,657	3,832	2,781	25,000	0,000	26,283	26,541	1,000	365,000	564,000	960,000	373,333
290,000	390,000	680,000	20,696	43,590	34,571	3,000	24,717	5,989	24,213	4,757	23,338	170,000	0,000	123840,960	123841,960	123847,406	123847,701	123847,871	123848,101	0,000	45520,960	45521,960	45527,406	45527,701	45527,871	45528,101	4,530	4,726	3,582	3,891	25,000	0,000	29,144	29,685	1,000	249,000	563,000	960,000	373,333
300,000	430,000	730,000	18,211	37,209	44,075	4,000	33,551	7,436	24,407	4,562	30,780	160,000	0,000	123852,737	123853,737	123858,120	123858,421	123858,581	123858,861	0,000	45532,737	45533,737	45538,120	45538,421	45538,581	45538,861	7,033	4,698	4,682	2,991	25,000	0,000	32,004	32,721	1,000	340,000	560,000	960,000	373,333
330,000	290,000	620,000	20,027	96,552	38,791	0,000	25,599	6,345	22,630	6,339	25,599	280,000	0,000	123903,489	123904,489	123907,527	123907,861	123908,141	123908,161	0,000	45543,489	45544,489	45547,527	45547,861	45548,141	45548,161	4,587	4,922	4,586	4,919	25,000	0,000	NaN	2,079	1,000	292,000	620,000	960,000	373,333
250,000	260,000	510,000	23,257	96,154	21,757	0,000	16,142	3,369	25,601	3,369	16,142	250,000	0,000	123912,795	123913,795	123918,637	123918,890	123919,140	123919,160	0,000	45552,795	45553,795	45558,637	45558,890	45559,140	45559,160	1,491	3,072	1,492	3,071	25,000	0,000	NaN	5,383	1,000	143,000	501,000	960,000	373,333
290,000	440,000	730,000	17,881	36,364	38,105	4,000	37,791	7,543	24,042	4,928	32,716	160,000	0,000	123924,676	123925,676	123931,229	123931,521	123931,681	123931,970	0,000	45564,676	45565,676	45571,229	45571,521	45571,681	45571,971	8,749	3,909	5,813	3,039	25,000	0,000	29,360	29,594	1,000	338,000	505,000	960,000	373,333
290,000	370,000	660,000	19,318	97,297	49,836	0,000	27,893	7,067	21,904	7,065	27,893	360,000	0,000	123936,599	123937,599	123940,961	123941,261	123941,621	123941,641	0,000	45576,599	45577,599	45580,961	45581,261	45581,621	45581,641	6,048	5,147	6,047	5,147	25,000	0,000	NaN	0,581	1,000	299,000	560,000	960,000	373,333
280,000	330,000	610,000	20,731	45,455	23,681	4,000	26,373	3,433	26,084	2,886	26,316	150,000	0,000	123947,358	123948,359	123952,701	123952,990	123953,140	123953,330	0,000	45587,358	45588,359	45592,701	45592,990	45593,140	45593,330	3,151	2,307	2,867	1,899	25,000	0,000	17,371	17,593	1,000	229,000	468,000	960,000	373,333
330,000	400,000	730,000	17,097	35,000	38,296	4,000	36,413	6,945	24,269	4,700	33,027	140,000	0,000	123957,957	123958,957	124001,624	124001,962	124002,102	124002,371	0,000	45597,957	45598,957	45601,624	45601,962	45602,102	45602,371	7,231	3,827	4,919	2,936	25,000	0,000	36,499	37,419	1,000	374,000	535,000	960,000	373,333
320,000	300,000	620,000	16,792	96,667	25,560	0,000	42,812	3,866	25,106	3,864	42,812	290,000	0,000	124008,724	124009,725	124015,594	124015,921	124016,211	124016,231	0,000	45608,724	45609,725	45615,594	45615,921	45616,211	45616,231	5,963	0,565	5,963	0,562	25,000	0,000	NaN	0,840	1,000	363,000	380,000	960,000	373,333
370,000	460,000	830,000	14,022	39,130	54,164	2,000	42,343	9,835	21,075	7,895	42,096	180,000	0,000	124022,795	124023,795	124026,697	124027,072	124027,252	124027,542	0,000	45622,795	45623,795	45626,697	45627,072	45627,252	45627,542	10,012	4,923	8,538	3,970	25,000	0,000	45,936	45,742	1,000	482,000	515,000	960,000	373,333
350,000	320,000	670,000	13,323	96,875	52,918	0,000	43,336	8,445	20,525	8,445	43,336	310,000	0,000	124036,091	124037,091	124041,644	124042,002	124042,312	124042,330	0,000	45636,091	45637,091	45641,644	45642,002	45642,312	45642,331	9,480	3,518	9,479	3,520	25,000	0,000	NaN	2,766	1,000	514,000	533,000	960,000	373,333
340,000	340,000	680,000	15,367	97,059	70,187	0,000	36,762	10,489	18,483	10,487	36,762	330,000	0,000	124046,966	124047,967	124051,117	124051,461	124051,791	124051,811	0,000	45646,967	45647,967	45651,117	45651,461	45651,791	45651,811	9,790	6,358	9,790	6,356	25,000	0,000	NaN	3,493	1,000	482,000	638,000	960,000	373,333
350,000	280,000	630,000	23,525	96,429	47,532	0,000	14,554	5,814	23,160	5,810	14,554	270,000	0,000	124059,150	124100,151	124102,188	124102,542	124102,812	124102,831	0,000	45659,150	45660,151	45662,188	45662,542	45662,812	45662,831	2,143	5,459	2,144	5,457	25,000	0,000	NaN	1,813	1,000	162,000	624,000	960,000	373,333
270,000	390,000	660,000	14,939	56,410	40,633	2,000	40,156	8,630	22,570	6,400	38,780	220,000	0,000	124108,162	124109,162	124114,639	124114,911	124115,131	124115,311	0,000	45668,162	45669,162	45674,639	45674,911	45675,131	45675,311	10,210	4,190	8,369	3,103	25,000	0,000	33,555	35,941	1,000	457,000	544,000	960,000	373,333
250,000	850,000	1100,000	20,743	22,353	55,984	9,000	38,798	13,585	20,367	8,603	30,983	190,000	0,000	124119,936	124120,936	124123,804	124124,061	124124,251	124124,921	0,000	45679,936	45680,937	45683,804	45684,061	45684,251	45684,921	12,437	8,423	6,913	6,426	25,000	0,000	41,519	49,429	1,000	266,000	623,000	960,000	373,333
280,000	340,000	620,000	19,115	97,059	62,179	0,000	27,562	8,450	20,520	8,450	27,562	330,000	0,000	124130,868	124131,868	124134,641	124134,931	124135,261	124135,280	0,000	45690,868	45691,868	45694,641	45694,931	45695,261	45695,280	5,965	6,525	5,965	6,525	25,000	0,000	NaN	0,120	1,000	337,000	645,000	960,000	373,333
300,000	370,000	670,000	14,707	97,297	78,289	0,000	38,989	11,985	16,986	11,984	38,989	360,000	0,000	124139,910	124140,911	124144,701	124145,012	124145,372	124145,391	0,000	45699,910	45700,911	45704,701	45705,012	45705,372	45705,391	10,830	7,230	10,830	7,230	25,000	0,000	NaN	3,372	1,000	512,000	643,000	960,000	373,333
340,000	300,000	640,000	16,342	96,667	75,778	0,000	33,998	10,767	18,203	10,767	33,998	290,000	0,000	124151,024	124152,025	124156,370	124156,711	124157,001	124157,020	0,000	45711,024	45712,025	45716,370	45716,711	45717,001	45717,020	9,003	7,401	9,003	7,402	25,000	0,000	NaN	3,995	1,000	485,000	708,000	960,000	373,333
260,000	590,000	850,000	15,497	66,102	57,761	5,000	36,930	10,051	19,044	9,926	37,110	390,000	0,000	124201,880	124202,880	124206,484	124206,752	124207,142	124207,351	0,000	45721,880	45722,880	45726,484	45726,752	45727,142	45727,351	9,591	6,132	9,589	5,984	25,000	0,000	0,073	0,239	1,000	456,000	596,000	960,000	373,333
270,000	480,000	750,000	14,339	79,167	45,560	2,000	44,288	8,046	20,966	8,004	44,168	380,000	0,000	124211,986	124212,986	124217,167	124217,441	124217,821	124217,930	0,000	45731,986	45732,986	45737,167	45737,441	45737,821	45737,930	10,267	2,953	10,213	2,954	25,000	0,000	1,004	0,824	1,000	463,000	487,000	960,000	373,333
280,000	400,000	680,000	7,907	92,500	76,410	1,000	55,284	13,835	15,164	13,805	55,284	370,000	0,000	124223,654	124224,653	124228,803	124229,092	124229,462	124229,501	0,000	45743,654	45744,653	45748,803	45749,092	45749,462	45749,501	16,401	3,743	16,391	3,737	25,000	0,000	NaN	3,951	1,000	702,000	485,000	960,000	373,333
270,000	460,000	730,000	16,853	73,913	68,523	3,000	33,973	12,718	16,446	12,524	34,020	340,000	0,000	124235,844	124236,844	124241,053	124241,331	124241,671	124241,800	0,000	45755,844	45756,844	45761,053	45761,331	45761,671	45761,800	10,012	9,061	9,913	8,922	25,000	0,000	8,078	8,053	1,000	429,000	651,000	960,000	373,333
330,000	430,000	760,000	23,364	93,023	40,788	1,000	15,240	6,331	22,644	6,326	15,240	400,000	0,000	124247,739	124248,739	124252,420	124252,751	124253,151	124253,190	0,000	45767,739	45768,739	45772,420	45772,751	45773,151	45773,190	2,364	5,934	2,354	5,934	25,000	0,000	NaN	0,790	1,000	168,000	624,000	960,000	373,333
250,000	40,000	290,000	25,763	0,000	8,956	0,000	11,310	0,400	28,934	0,036	11,724	0,000	0,000	124259,011	124300,012	124304,186	124304,442	124304,442	124304,491	0,000	45779,011	45780,012	45784,186	45784,442	45784,442	45784,491	0,000	0,318	0,000	0,028	25,000	0,000	0,405	NaN	1,000	44,000	368,000	960,000	373,333
290,000	520,000	810,000	14,588	71,154	44,779	4,000	43,432	7,918	21,090	7,880	43,550	370,000	0,000	124309,187	124310,188	124314,224	124314,521	124314,891	124315,051	0,000	45789,187	45790,188	45794,225	45794,521	45794,891	45795,051	10,041	3,066	10,043	3,012	25,000	0,000	1,329	1,278	1,000	452,000	478,000	960,000	373,333
290,000	380,000	670,000	12,526	97,368	60,897	0,000	44,354	11,419	17,551	11,418	44,354	370,000	0,000	124321,284	124322,285	124325,971	124326,272	124326,642	124326,660	0,000	45801,284	45802,285	45805,971	45806,272	45806,642	45806,660	12,545	5,316	12,544	5,316	25,000	0,000	NaN	5,533	1,000	566,000	581,000	960,000	373,333
