420,000	600,000	1020,000	27,171	26,667	33,783	5,000	7,244	5,223	26,041	2,929	8,500	160,000	0,000	160824,440	160825,439	160828,902	160829,325	160829,485	160829,936	0,000	58104,440	58105,439	58108,903	58109,325	58109,485	58109,936	0,956	5,148	0,956	2,832	25,000	0,000	8,058	6,751	1,000	0,000	265,000	960,000	373,333
350,000	300,000	650,000	25,847	80,000	9,524	2,000	11,400	0,769	28,206	0,764	11,250	240,000	0,000	160836,268	160837,269	160842,374	160842,726	160842,966	160843,036	0,000	58116,268	58117,269	58122,374	58122,726	58122,966	58123,036	0,423	0,703	0,395	0,703	25,000	0,000	0,065	0,096	1,000	44,000	299,000	960,000	373,333
330,000	390,000	720,000	26,660	30,769	41,396	4,000	12,945	6,003	25,046	3,924	11,965	120,000	0,000	160847,576	160848,576	160850,999	160851,335	160851,455	160851,736	0,000	58127,577	58128,576	58130,999	58131,335	58131,455	58131,736	1,520	5,795	0,926	3,809	25,000	0,000	33,137	30,866	1,000	41,000	141,000	960,000	373,333
370,000	280,000	650,000	18,182	60,714	17,768	2,000	36,935	3,291	26,604	2,365	34,353	170,000	0,000	160856,270	160857,271	160902,712	160903,086	160903,256	160903,377	0,000	58136,270	58137,271	58142,712	58143,086	58143,256	58143,377	5,435	0,817	4,265	0,681	25,000	0,000	4,183	14,903	1,000	315,000	417,000	960,000	373,333
250,000	390,000	640,000	16,689	97,436	25,728	0,000	40,085	5,464	23,507	5,463	40,085	380,000	0,000	160907,926	160908,926	160912,490	160912,746	160913,126	160913,145	0,000	58147,926	58148,926	58152,490	58152,746	58153,126	58153,145	7,735	1,942	7,734	1,942	25,000	0,000	NaN	4,809	1,000	370,000	310,000	960,000	373,333
310,000	350,000	660,000	17,938	68,571	24,002	2,000	32,928	4,994	24,269	4,701	32,768	240,000	0,000	160917,682	160918,681	160921,972	160922,285	160922,525	160922,647	0,000	58157,682	58158,681	58161,972	58162,285	58162,525	58162,647	5,681	2,702	5,440	2,623	25,000	0,000	15,199	16,200	1,000	340,000	523,000	960,000	373,333
250,000	280,000	530,000	22,275	57,143	41,228	2,000	23,185	5,666	24,442	4,528	22,990	160,000	0,000	160928,109	160929,110	160933,991	160934,246	160934,406	160934,536	0,000	58168,109	58169,110	58173,991	58174,246	58174,406	58174,536	2,700	4,924	2,190	3,948	25,000	0,000	12,497	21,073	1,000	212,000	113,000	960,000	373,333
350,000	370,000	720,000	17,528	45,946	19,757	2,000	42,266	4,022	26,806	2,164	35,574	170,000	0,000	160939,073	160940,074	160942,562	160942,915	160943,085	160943,296	0,000	58179,073	58180,074	58182,562	58182,915	58183,085	58183,296	7,229	0,534	4,672	0,416	25,000	0,000	12,573	12,641	1,000	337,000	357,000	960,000	373,333
300,000	590,000	890,000	13,056	27,119	44,923	7,000	48,671	9,783	23,320	5,650	40,284	160,000	0,000	160947,829	160948,829	160953,577	160953,886	160954,046	160954,486	0,000	58187,829	58188,829	58193,577	58193,886	58194,046	58194,486	11,477	3,431	6,396	2,954	25,000	0,000	32,775	32,919	1,000	527,000	206,000	960,000	373,333
280,000	390,000	670,000	14,233	97,436	55,744	0,000	42,887	9,896	19,076	9,894	42,887	380,000	0,000	160959,034	161000,034	161005,903	161006,186	161006,566	161006,586	0,000	58199,034	58200,034	58205,903	58206,186	58206,566	58206,586	10,407	4,923	10,406	4,923	25,000	0,000	NaN	2,632	1,000	494,000	176,000	960,000	373,333
370,000	520,000	890,000	10,644	84,615	46,982	2,000	53,363	9,801	19,201	9,768	53,487	440,000	0,000	161011,119	161012,120	161015,442	161015,816	161016,256	161016,345	0,000	58211,119	58212,120	58215,442	58215,816	58216,256	58216,346	12,206	2,251	12,206	2,197	25,000	0,000	1,214	1,006	1,000	593,000	281,000	960,000	373,333
300,000	520,000	820,000	7,349	98,077	50,312	0,000	58,940	12,087	16,884	12,086	58,940	510,000	0,000	161021,365	161022,366	161027,504	161027,806	161028,316	161028,336	0,000	58221,365	58222,366	58227,504	58227,806	58228,316	58228,336	16,064	1,406	16,066	1,406	25,000	0,000	NaN	5,177	1,000	699,000	361,000	960,000	373,333
310,000	680,000	990,000	1,502	64,706	54,038	2,000	62,864	18,178	14,193	14,777	63,732	440,000	0,000	161032,879	161033,879	161038,488	161038,805	161039,245	161039,495	0,000	58232,879	58233,879	58238,488	58238,805	58239,245	58239,495	22,220	2,899	19,365	1,765	25,000	0,000	34,659	34,499	1,000	917,000	405,000	960,000	373,333
300,000	610,000	910,000	2,856	44,262	110,576	8,000	57,690	21,610	11,345	17,625	59,427	270,000	0,000	161045,807	161046,807	161051,104	161051,405	161051,675	161052,025	0,000	58245,807	58246,807	58251,104	58251,405	58251,675	58252,025	23,512	6,949	21,045	4,141	25,000	0,000	105,687	108,279	1,000	989,000	276,000	960,000	373,333
30,000	630,000	660,000	0,827	38,095	92,040	4,000	64,104	19,976	26,844	2,126	37,259	240,000	0,000	161056,575	161057,575	161059,892	161100,092	161100,332	161100,726	0,000	58256,575	58257,575	58259,892	58260,093	58260,333	58260,726	25,735	3,093	5,753	0,288	25,000	0,000	12,557	15,241	1,000	962,000	344,000	960,000	373,333
350,000	470,000	820,000	2,296	82,979	109,061	2,000	67,730	18,999	9,995	18,975	67,709	390,000	0,000	161107,431	161108,431	161111,567	161111,927	161112,317	161112,406	0,000	58267,431	58268,431	58271,567	58271,927	58272,317	58272,406	21,630	1,772	21,604	1,773	25,000	0,000	1,448	0,989	1,000	953,000	292,000	960,000	373,333
320,000	600,000	920,000	7,230	98,333	113,252	0,000	65,276	25,728	3,242	25,728	65,276	590,000	0,000	161116,945	161117,944	161121,493	161121,817	161122,407	161122,425	0,000	58276,945	58277,944	58281,493	58281,817	58282,407	58282,425	30,433	4,331	30,434	4,332	25,000	0,000	NaN	5,610	1,000	1214,000	413,000	960,000	373,333
300,000	560,000	860,000	3,549	98,214	70,442	0,000	61,814	18,262	10,704	18,266	61,814	550,000	0,000	161126,981	161127,980	161132,950	161133,256	161133,806	161133,826	0,000	58286,981	58287,980	58292,950	58293,256	58293,806	58293,826	22,477	3,178	22,482	3,179	25,000	0,000	NaN	16,819	1,000	920,000	493,000	960,000	373,333
280,000	690,000	970,000	3,279	47,826	72,257	2,000	66,371	22,065	13,776	15,193	63,989	330,000	0,000	161138,960	161139,962	161145,472	161145,757	161146,087	161146,457	0,000	58298,960	58299,962	58305,472	58305,757	58306,087	58306,457	26,608	2,813	19,829	2,307	25,000	0,000	58,738	58,272	1,000	1072,000	341,000	960,000	373,333
550,000	490,000	1040,000	1,945	26,531	85,643	2,000	65,069	16,662	26,422	2,548	45,313	130,000	0,000	161150,997	161151,997	161154,041	161154,597	161154,727	161155,096	0,000	58310,997	58311,997	58314,041	58314,597	58314,727	58315,096	20,616	1,294	4,774	0,104	25,000	0,000	20,878	19,639	1,000	902,000	411,000	960,000	373,333
320,000	530,000	850,000	4,100	98,113	79,765	0,000	61,453	19,345	9,626	19,344	61,453	520,000	0,000	161200,564	161201,563	161206,865	161207,186	161207,706	161207,727	0,000	58320,564	58321,563	58326,865	58327,186	58327,706	58327,727	23,766	3,713	23,767	3,710	25,000	0,000	NaN	4,501	1,000	954,000	519,000	960,000	373,333
280,000	580,000	860,000	1,966	55,172	81,758	3,000	61,023	18,679	12,871	16,099	62,153	320,000	0,000	161214,760	161215,759	161221,394	161221,675	161221,995	161222,267	0,000	58334,760	58335,759	58341,394	58341,675	58341,995	58342,267	22,502	3,632	20,498	2,829	25,000	0,000	66,202	66,082	1,000	939,000	440,000	960,000	373,333
360,000	480,000	840,000	3,371	60,417	99,992	2,000	67,290	21,314	11,226	17,744	68,474	290,000	0,000	161226,804	161227,803	161230,916	161231,286	161231,576	161231,776	0,000	58346,804	58347,803	58350,916	58351,286	58351,576	58351,776	25,454	1,858	22,396	1,605	25,000	0,000	83,320	81,641	1,000	1072,000	416,000	960,000	373,333
290,000	510,000	800,000	1,744	47,059	67,307	2,000	66,707	19,308	17,884	11,086	65,056	240,000	0,000	161237,687	161238,687	161244,289	161244,586	161244,826	161245,107	0,000	58357,687	58358,687	58364,289	58364,586	58364,826	58365,107	23,545	1,352	15,600	0,405	25,000	0,000	55,551	64,168	1,000	1022,000	372,000	960,000	373,333
340,000	680,000	1020,000	1,025	95,588	72,460	1,000	63,726	18,597	10,381	18,589	63,726	650,000	0,000	161249,651	161250,651	161253,336	161253,688	161254,338	161254,375	0,000	58369,651	58370,651	58373,336	58373,688	58374,338	58374,375	22,894	2,701	22,894	2,682	25,000	0,000	NaN	0,162	1,000	946,000	407,000	960,000	373,333
360,000	600,000	960,000	0,637	53,333	70,263	2,000	66,873	18,653	18,615	10,355	62,867	320,000	0,000	161258,930	161259,930	161302,774	161303,136	161303,456	161303,747	0,000	58378,931	58379,931	58382,774	58383,136	58383,456	58383,747	24,359	1,098	15,984	0,818	25,000	0,000	45,941	54,713	1,000	960,000	396,000	960,000	373,333
300,000	730,000	1030,000	2,650	21,918	50,719	6,000	64,913	19,634	26,073	2,897	39,082	160,000	0,000	161308,288	161309,289	161315,144	161315,445	161315,605	161316,186	0,000	58388,288	58389,289	58395,145	58395,445	58395,605	58396,186	24,021	2,505	4,785	0,871	25,000	0,000	15,493	17,669	1,000	989,000	463,000	960,000	373,333
290,000	820,000	1110,000	3,145	37,805	55,085	6,000	63,529	19,887	18,906	10,064	56,932	310,000	0,000	161321,024	161322,024	161325,242	161325,535	161325,845	161326,366	0,000	58401,024	58402,024	58405,242	58405,535	58405,845	58406,366	23,908	3,404	13,831	2,116	25,000	0,000	43,570	46,572	1,000	976,000	484,000	960,000	373,333
310,000	510,000	820,000	2,804	98,039	81,239	0,000	63,124	18,637	10,333	18,637	63,124	500,000	0,000	161330,920	161331,921	161335,862	161336,176	161336,676	161336,697	0,000	58410,920	58411,921	58415,862	58416,176	58416,676	58416,697	22,841	2,844	22,843	2,843	25,000	0,000	NaN	11,010	1,000	957,000	473,000	960,000	373,333
320,000	960,000	1280,000	3,775	27,083	50,713	9,000	61,601	19,101	22,458	6,512	50,620	260,000	0,000	161343,190	161344,191	161347,937	161348,266	161348,526	161349,236	0,000	58423,190	58424,191	58427,937	58428,266	58428,526	58429,236	22,474	4,050	9,445	1,550	25,000	0,000	35,355	34,344	1,000	934,000	505,000	960,000	373,333
280,000	770,000	1050,000	2,451	38,961	40,827	5,000	64,308	16,942	22,774	6,196	52,550	300,000	0,000	161354,276	161355,276	161359,340	161359,626	161359,926	161400,406	0,000	58434,276	58435,276	58439,340	58439,626	58439,926	58440,406	21,520	1,887	9,937	0,871	25,000	0,000	29,328	30,033	1,000	873,000	368,000	960,000	373,333
300,000	750,000	1050,000	3,575	98,667	56,150	0,000	61,907	17,125	11,846	17,123	61,907	740,000	0,000	161404,957	161405,957	161409,144	161409,445	161410,185	161410,206	0,000	58444,957	58445,957	58449,144	58449,445	58450,185	58450,206	21,630	2,730	21,631	2,729	25,000	0,000	NaN	1,583	1,000	873,000	466,000	960,000	373,333
350,000	880,000	1230,000	1,318	22,727	35,342	8,000	64,571	17,689	26,072	2,898	42,027	200,000	0,000	161414,756	161415,756	161420,546	161420,906	161421,106	161421,795	0,000	58454,756	58455,756	58460,546	58460,906	58461,106	58461,795	22,022	1,998	5,324	0,339	25,000	0,000	13,840	16,869	1,000	917,000	392,000	960,000	373,333
540,000	890,000	1430,000	0,850	26,966	33,228	6,000	64,933	18,087	25,061	3,909	46,940	240,000	0,000	161426,484	161427,485	161429,529	161430,079	161430,319	161430,976	0,000	58466,484	58467,485	58469,529	58470,079	58470,319	58470,976	22,461	2,111	6,922	0,421	25,000	0,000	16,259	20,030	1,000	930,000	377,000	960,000	373,333
340,000	990,000	1330,000	2,208	13,131	33,840	12,000	65,086	17,821	27,507	1,463	30,067	130,000	0,000	161435,519	161436,519	161439,674	161440,016	161440,146	161441,015	0,000	58475,519	58476,519	58479,674	58480,016	58480,146	58481,015	22,558	1,828	2,677	0,535	25,000	0,000	11,214	10,462	1,000	915,000	309,000	960,000	373,333
360,000	950,000	1310,000	4,939	27,368	34,960	8,000	59,982	15,915	24,654	4,316	42,762	260,000	0,000	161446,711	161447,710	161453,040	161453,405	161453,665	161454,367	0,000	58486,711	58487,710	58493,040	58493,405	58493,665	58494,367	19,717	3,178	6,786	1,273	25,000	0,000	18,523	18,636	1,000	810,000	282,000	960,000	373,333
470,000	720,000	1190,000	5,287	34,722	45,875	4,000	58,827	15,646	25,133	3,836	41,823	250,000	0,000	161459,309	161500,310	161502,457	161502,937	161503,187	161503,666	0,000	58499,309	58500,310	58502,457	58502,937	58503,187	58503,666	20,312	3,094	7,205	0,934	25,000	0,000	14,474	18,059	1,000	805,000	267,000	960,000	373,333
240,000	780,000	1020,000	6,239	33,333	35,332	6,000	58,456	13,650	24,418	4,552	41,989	260,000	0,000	161509,999	161510,999	161514,494	161514,735	161514,995	161515,527	0,000	58509,999	58510,999	58514,494	58514,735	58514,995	58515,527	17,831	2,279	7,033	1,439	25,000	0,000	23,729	23,222	1,000	751,000	299,000	960,000	373,333
300,000	610,000	910,000	10,605	37,705	24,674	6,000	53,389	10,515	24,243	4,726	42,791	230,000	0,000	161520,373	161521,374	161525,248	161525,556	161525,786	161526,176	0,000	58520,373	58521,374	58525,248	58525,556	58525,786	58526,176	12,999	2,674	6,342	1,704	25,000	0,000	15,882	18,766	1,000	603,000	252,000	960,000	373,333
430,000	820,000	1250,000	6,767	35,366	29,381	5,000	58,086	13,207	23,363	5,607	49,941	290,000	0,000	161530,725	161531,724	161534,072	161534,506	161534,796	161535,336	0,000	58530,725	58531,724	58534,072	58534,506	58534,796	58535,336	16,453	2,476	8,504	0,880	25,000	0,000	26,589	26,177	1,000	737,000	283,000	960,000	373,333
330,000	770,000	1100,000	10,868	19,481	34,050	11,000	48,608	14,005	25,898	3,072	30,571	150,000	0,000	161539,899	161540,899	161544,046	161544,386	161544,535	161545,165	0,000	58539,899	58540,899	58544,046	58544,386	58544,536	58545,165	14,627	6,358	3,037	2,072	25,000	0,000	21,371	20,648	1,000	649,000	144,000	960,000	373,333
350,000	910,000	1260,000	8,408	17,582	27,528	6,000	54,822	12,478	27,252	1,718	30,835	160,000	0,000	161550,157	161551,158	161553,568	161553,927	161554,087	161554,845	0,000	58550,157	58551,158	58553,568	58553,927	58554,087	58554,845	15,443	3,152	2,818	0,621	25,000	0,000	9,378	11,449	1,000	681,000	266,000	960,000	373,333
320,000	1110,000	1430,000	3,734	12,613	29,497	14,000	59,684	16,241	27,629	1,341	27,868	140,000	0,000	161559,452	161600,452	161604,310	161604,636	161604,776	161605,756	0,000	58559,452	58560,452	58564,310	58564,636	58564,776	58565,756	20,767	3,066	2,821	0,467	25,000	0,000	8,911	9,129	1,000	839,000	428,000	960,000	373,333
320,000	1110,000	1430,000	3,600	32,432	35,433	8,000	65,601	21,716	23,838	5,132	50,506	360,000	0,000	161612,311	161613,311	161618,296	161618,627	161618,987	161619,745	0,000	58572,311	58573,311	58578,296	58578,627	58578,987	58579,745	26,523	3,014	9,014	0,445	25,000	0,000	15,111	21,702	1,000	1056,000	458,000	960,000	373,333
450,000	980,000	1430,000	3,863	34,694	36,260	6,000	66,835	21,802	21,785	7,185	55,471	340,000	0,000	161625,274	161626,274	161628,952	161629,405	161629,745	161630,395	0,000	58585,274	58586,274	58588,952	58589,405	58589,745	58590,395	26,053	2,597	10,742	0,632	25,000	0,000	23,012	28,045	1,000	1091,000	332,000	960,000	373,333
400,000	1030,000	1430,000	2,193	21,359	34,783	10,000	65,114	19,873	25,439	3,531	38,129	220,000	0,000	161635,129	161636,128	161638,207	161638,616	161638,836	161639,655	0,000	58595,129	58596,128	58598,207	58598,616	58598,836	58599,655	24,769	2,708	5,665	1,225	25,000	0,000	13,461	20,071	1,000	1001,000	307,000	960,000	373,333
360,000	700,000	1060,000	2,800	51,429	64,550	2,000	67,169	21,402	13,811	15,159	67,265	360,000	0,000	161644,845	161645,845	161649,270	161649,637	161649,997	161650,346	0,000	58604,845	58605,845	58609,270	58609,637	58609,997	58610,346	25,316	2,479	19,585	1,228	25,000	0,000	43,200	46,654	1,000	1057,000	351,000	960,000	373,333
300,000	850,000	1150,000	4,489	40,000	62,061	4,000	66,590	23,308	20,288	8,682	59,561	340,000	0,000	161656,387	161657,388	161700,447	161700,758	161701,098	161701,615	0,000	58616,387	58617,388	58620,447	58620,758	58621,098	58621,615	28,493	3,095	13,826	0,797	25,000	0,000	39,399	40,304	1,000	1111,000	425,000	960,000	373,333
350,000	650,000	1000,000	4,178	52,308	52,505	2,000	61,837	15,806	18,757	10,213	58,724	340,000	0,000	161706,458	161707,457	161713,324	161713,676	161714,016	161714,336	0,000	58626,458	58627,457	58633,324	58633,676	58634,016	58634,336	19,804	2,419	14,284	1,536	25,000	0,000	37,962	41,453	1,000	820,000	423,000	960,000	373,333
410,000	600,000	1010,000	4,712	51,667	42,259	4,000	60,363	14,628	19,341	9,629	56,578	310,000	0,000	161718,875	161719,874	161724,676	161725,096	161725,406	161725,705	0,000	58638,875	58639,874	58644,676	58645,096	58645,406	58645,705	18,004	2,363	12,845	1,833	25,000	0,000	29,767	32,717	1,000	798,000	416,000	960,000	373,333
370,000	950,000	1320,000	2,327	42,105	49,227	9,000	64,063	17,855	17,637	11,333	59,782	400,000	0,000	161730,509	161731,509	161734,076	161734,458	161734,858	161735,417	0,000	58650,509	58651,509	58654,076	58654,458	58654,858	58655,417	23,233	2,026	16,530	1,409	25,000	0,000	34,570	34,447	1,000	917,000	444,000	960,000	373,333
380,000	760,000	1140,000	4,235	39,474	58,895	4,000	66,147	21,570	19,589	9,381	60,181	300,000	0,000	161739,970	161740,971	161745,327	161745,715	161746,015	161746,486	0,000	58659,970	58660,971	58665,327	58665,715	58666,015	58666,486	26,017	2,615	13,815	0,800	25,000	0,000	48,322	50,148	1,000	1072,000	474,000	960,000	373,333
360,000	980,000	1340,000	6,142	29,592	60,948	8,000	62,250	22,115	17,154	11,816	56,948	290,000	0,000	161751,534	161752,534	161758,087	161758,455	161758,745	161759,446	0,000	58671,534	58672,534	58678,087	58678,455	58678,745	58679,446	25,567	4,700	15,235	2,885	25,000	0,000	47,637	48,437	1,000	1070,000	562,000	960,000	373,333
500,000	630,000	1130,000	3,805	52,381	65,083	4,000	61,937	20,172	16,839	12,131	60,108	330,000	0,000	161803,978	161804,977	161807,549	161808,055	161808,385	161808,695	0,000	58683,978	58684,977	58687,549	58688,055	58688,385	58688,695	24,051	4,194	16,110	2,701	25,000	0,000	53,155	57,213	1,000	981,000	507,000	960,000	373,333
520,000	620,000	1140,000	6,490	95,161	79,283	1,000	63,040	22,954	6,036	22,934	63,040	590,000	0,000	161816,180	161817,181	161820,128	161820,655	161821,245	161821,286	0,000	58696,180	58697,181	58700,128	58700,655	58701,245	58701,286	26,412	4,894	26,401	4,894	25,000	0,000	NaN	0,026	1,000	1097,000	559,000	960,000	373,333
330,000	820,000	1150,000	5,855	30,488	75,225	4,000	62,235	22,104	18,948	10,022	56,190	250,000	0,000	161826,821	161827,823	161832,001	161832,335	161832,585	161833,166	0,000	58706,821	58707,823	58712,001	58712,335	58712,585	58713,166	25,510	4,951	14,199	1,597	25,000	0,000	57,007	55,866	1,000	1058,000	557,000	960,000	373,333
350,000	840,000	1190,000	8,789	42,857	51,402	8,000	55,129	22,439	17,065	11,905	46,491	360,000	0,000	161838,761	161839,761	161843,694	161844,046	161844,406	161844,896	0,000	58718,762	58719,762	58723,694	58724,046	58724,406	58724,896	23,822	8,551	13,156	5,417	25,000	0,000	39,130	41,897	1,000	983,000	685,000	960,000	373,333
390,000	1040,000	1430,000	5,083	27,885	35,505	10,000	64,061	22,135	23,148	5,822	51,809	290,000	0,000	161849,437	161850,438	161853,781	161854,175	161854,465	161855,226	0,000	58729,437	58730,438	58733,781	58734,175	58734,465	58735,226	26,214	4,023	9,314	0,780	25,000	0,000	25,208	25,455	1,000	1067,000	519,000	960,000	373,333
510,000	920,000	1430,000	7,506	25,000	32,630	10,000	56,459	12,769	25,491	3,478	45,044	230,000	0,000	161901,700	161902,700	161906,821	161907,335	161907,565	161908,266	0,000	58741,700	58742,700	58746,821	58747,335	58747,565	58748,266	16,313	2,672	6,357	0,468	25,000	0,000	14,555	12,315	1,000	709,000	464,000	960,000	373,333
30,000	640,000	670,000	7,203	31,250	58,288	4,000	54,862	15,549	26,794	2,176	28,483	200,000	0,000	161914,136	161915,137	161919,144	161919,345	161919,545	161919,997	0,000	58754,136	58755,137	58759,144	58759,345	58759,545	58759,997	19,499	4,588	4,220	0,951	25,000	0,000	10,349	17,019	1,000	763,000	537,000	960,000	373,333
