1130,000	300,000	1430,000	24,659	63,333	17,111	2,000	10,800	3,197	27,210	1,760	11,913	190,000	0,000	140729,920	140730,921	140735,277	140736,410	140736,600	140736,719	0,000	50849,920	50850,921	50855,278	50856,410	50856,600	50856,719	0,310	3,201	0,238	1,752	25,000	0,000	8,388	6,165	1,000	100,000	544,000	960,000	373,333
3010,000	20,000	3030,000	25,684	0,000	0,000	0,000	10,055	0,000	28,970	0,000	10,055	0,000	0,000	140744,592	140745,592	140751,525	140754,539	140754,539	140754,570	0,000	50864,592	50865,592	50871,525	50874,539	50874,539	50874,570	0,000	0,000	0,000	0,000	25,000	0,000	NaN	NaN	1,000	136,000	767,000	960,000	373,333
440,000	730,000	1170,000	27,253	17,808	55,333	6,000	9,224	12,761	25,355	3,615	8,870	130,000	0,000	140801,345	140802,345	140807,004	140807,451	140807,582	140808,189	0,000	50881,345	50882,345	50887,004	50887,452	50887,582	50888,189	1,858	12,628	0,278	3,624	25,000	0,000	30,883	29,133	1,000	146,000	899,000	960,000	373,333
440,000	990,000	1430,000	26,548	14,141	23,966	8,000	11,605	12,524	28,065	0,905	10,842	140,000	0,000	140814,185	140815,186	140818,864	140819,309	140819,449	140820,309	0,000	50894,185	50895,186	50898,864	50899,309	50899,449	50900,309	2,755	12,217	0,205	0,881	25,000	0,000	1,446	6,364	1,000	176,000	899,000	960,000	373,333
390,000	740,000	1130,000	26,344	21,622	39,839	6,000	11,436	12,920	25,629	3,341	9,993	160,000	0,000	140824,915	140825,915	140829,937	140830,330	140830,490	140831,079	0,000	50904,915	50905,915	50909,937	50910,330	50910,490	50911,080	2,898	12,600	0,591	3,298	25,000	0,000	23,814	22,850	1,000	169,000	875,000	960,000	373,333
400,000	330,000	730,000	27,923	42,424	80,044	2,000	6,592	12,073	25,753	3,217	7,008	140,000	0,000	140837,232	140838,231	140840,449	140840,859	140840,999	140841,201	0,000	50917,232	50918,231	50920,449	50920,859	50920,999	50921,201	1,068	12,034	0,156	3,226	25,000	0,000	12,247	23,427	1,000	88,000	848,000	960,000	373,333
770,000	250,000	1020,000	28,736	48,000	96,061	2,000	4,764	11,268	25,192	3,778	5,835	120,000	0,000	140847,100	140848,099	140850,541	140851,319	140851,439	140851,579	0,000	50927,100	50928,099	50930,541	50931,319	50931,439	50931,579	0,565	11,265	0,311	3,770	25,000	0,000	40,161	24,783	1,000	45,000	828,000	960,000	373,333
560,000	870,000	1430,000	8,618	50,575	62,797	4,000	64,819	27,810	13,634	15,336	62,848	440,000	0,000	140903,136	140904,136	140908,186	140908,751	140909,191	140909,630	0,000	50943,136	50944,136	50948,186	50948,751	50949,191	50949,630	31,759	6,048	20,083	2,548	25,000	0,000	46,315	45,347	1,000	1218,000	208,000	960,000	373,333
390,000	670,000	1060,000	4,083	56,716	55,409	2,000	63,298	20,822	16,441	12,529	60,196	380,000	0,000	140914,486	140915,486	140919,203	140919,600	140919,980	140920,280	0,000	50954,486	50955,486	50959,203	50959,600	50959,980	50960,280	24,442	4,023	16,377	2,447	25,000	0,000	34,235	45,457	1,000	1004,000	235,000	960,000	373,333
390,000	800,000	1190,000	6,471	60,000	61,188	4,000	65,564	24,436	10,703	18,267	62,994	480,000	0,000	140927,739	140928,739	140932,176	140932,569	140933,049	140933,379	0,000	50967,739	50968,739	50972,176	50972,569	50973,049	50973,379	28,775	4,223	22,531	3,718	25,000	0,000	30,231	35,516	1,000	1140,000	230,000	960,000	373,333
350,000	1080,000	1430,000	11,866	25,000	66,822	6,000	70,593	30,157	23,300	5,670	48,214	270,000	0,000	140940,627	140941,628	140947,339	140947,701	140947,972	140948,789	0,000	50980,627	50981,628	50987,339	50987,702	50987,972	50988,789	35,355	3,346	8,798	1,548	25,000	0,000	29,397	30,565	1,000	1371,000	278,000	960,000	373,333
360,000	640,000	1000,000	4,143	37,500	54,934	2,000	59,305	18,036	24,450	4,520	40,629	240,000	0,000	140953,397	140954,397	140957,165	140957,530	140957,770	140958,179	0,000	50993,397	50994,398	50997,165	50997,530	50997,770	50998,179	21,375	4,418	6,391	1,784	25,000	0,000	18,298	26,735	1,000	881,000	249,000	960,000	373,333
290,000	820,000	1110,000	7,433	15,854	81,586	5,000	66,912	25,674	27,319	1,651	30,181	130,000	0,000	141003,199	141004,199	141006,995	141007,289	141007,419	141008,119	0,000	51003,199	51004,199	51006,995	51007,289	51007,419	51008,119	30,603	3,939	3,178	0,612	25,000	0,000	10,359	13,321	1,000	1187,000	238,000	960,000	373,333
300,000	760,000	1060,000	4,616	17,105	67,422	4,000	62,297	22,150	27,004	1,966	29,077	130,000	0,000	141014,426	141015,425	141018,402	141018,710	141018,840	141019,479	0,000	51014,426	51015,425	51018,402	51018,710	51018,840	51019,479	26,073	5,147	3,168	1,007	25,000	0,000	16,466	16,385	1,000	1013,000	218,000	960,000	373,333
320,000	960,000	1280,000	6,420	89,583	69,691	2,000	63,678	24,941	4,042	24,928	63,718	860,000	0,000	141024,186	141025,187	141030,414	141030,740	141031,600	141031,709	0,000	51024,186	51025,187	51030,414	51030,740	51031,600	51031,709	28,969	5,485	28,969	5,456	25,000	0,000	0,269	0,053	1,000	1136,000	228,000	960,000	373,333
330,000	890,000	1220,000	4,910	15,730	54,827	8,000	66,999	23,516	27,492	1,478	31,739	140,000	0,000	141039,559	141040,558	141043,207	141043,540	141043,680	141044,439	0,000	51039,559	51040,558	51043,207	51043,540	51043,680	51044,439	28,408	3,094	3,138	0,367	25,000	0,000	11,670	11,240	1,000	1117,000	297,000	960,000	373,333
30,000	20,000	50,000	24,751	0,000	0,000	0,000	11,774	0,000	28,970	0,000	11,774	0,000	0,000	141051,220	141052,221	141055,250	141055,452	141055,452	141055,480	0,000	51051,221	51052,221	51055,251	51055,452	51055,452	51055,480	0,000	0,000	0,000	0,000	25,000	0,000	NaN	NaN	1,000	80,000	379,000	960,000	373,333
340,000	670,000	1010,000	1,749	56,716	57,131	2,000	65,908	19,973	17,248	11,722	61,702	380,000	0,000	141101,378	141102,378	141104,564	141104,909	141105,289	141105,589	0,000	51061,378	51062,378	51064,564	51064,909	51065,289	51065,589	25,229	1,828	16,809	1,331	25,000	0,000	40,289	43,745	1,000	1020,000	357,000	960,000	373,333
3010,000	20,000	3030,000	8,960	0,000	0,000	0,000	62,657	0,000	28,970	0,000	62,657	0,000	0,000	141110,377	141111,378	141116,246	141119,259	141119,259	141119,289	0,000	51070,377	51071,378	51076,246	51079,259	51079,259	51079,289	0,000	0,000	0,000	0,000	25,000	0,000	NaN	NaN	1,000	644,000	333,000	960,000	373,333
350,000	820,000	1170,000	2,931	32,927	42,029	6,000	63,770	17,037	24,489	4,481	45,406	270,000	0,000	141125,575	141126,576	141128,693	141129,050	141129,320	141129,879	0,000	51085,575	51086,576	51088,693	51089,050	51089,320	51089,879	21,911	1,912	7,647	0,946	25,000	0,000	22,738	21,947	1,000	885,000	301,000	960,000	373,333
360,000	950,000	1310,000	2,970	33,684	40,511	8,000	62,830	17,931	23,529	5,441	44,890	320,000	0,000	141136,886	141137,885	141141,447	141141,810	141142,130	141142,769	0,000	51096,886	51097,885	51101,447	51101,810	51102,130	51102,770	22,811	2,728	8,596	1,617	25,000	0,000	22,700	22,434	1,000	886,000	298,000	960,000	373,333
420,000	700,000	1120,000	5,021	24,286	46,601	4,000	59,973	18,145	26,998	1,972	27,027	170,000	0,000	141147,891	141148,892	141152,041	141152,469	141152,639	141153,180	0,000	51107,891	51108,892	51112,041	51112,469	51112,639	51113,181	22,227	4,220	3,029	1,120	25,000	0,000	7,637	11,621	1,000	872,000	218,000	960,000	373,333
420,000	860,000	1280,000	2,260	50,000	46,758	6,000	64,866	21,518	18,524	10,446	57,624	430,000	0,000	141159,508	141200,507	141203,677	141204,100	141204,530	141204,969	0,000	51119,508	51120,507	51123,677	51124,100	51124,530	51124,969	26,244	3,544	14,827	2,120	25,000	0,000	35,490	41,446	1,000	1021,000	321,000	960,000	373,333
380,000	840,000	1220,000	3,713	23,810	56,090	6,000	67,604	22,178	25,534	3,436	40,678	200,000	0,000	141212,633	141213,634	141217,649	141218,040	141218,240	141218,889	0,000	51132,633	51133,634	51137,649	51138,040	51138,240	51138,889	27,004	2,198	5,516	1,017	25,000	0,000	12,244	17,423	1,000	1092,000	376,000	960,000	373,333
340,000	940,000	1280,000	0,934	19,149	50,637	6,000	65,813	19,761	27,839	1,131	26,132	180,000	0,000	141224,434	141225,434	141230,219	141230,570	141230,750	141231,519	0,000	51144,434	51145,434	51150,219	51150,570	51150,750	51151,519	25,764	1,884	2,923	0,310	25,000	0,000	7,293	7,264	1,000	987,000	354,000	960,000	373,333
390,000	860,000	1250,000	1,669	20,930	40,334	4,000	65,584	18,296	27,419	1,551	30,378	180,000	0,000	141236,980	141237,980	141242,027	141242,419	141242,599	141243,289	0,000	51156,980	51157,980	51162,027	51162,419	51162,599	51163,289	23,486	1,744	3,175	0,506	25,000	0,000	4,717	9,839	1,000	934,000	320,000	960,000	373,333
350,000	660,000	1010,000	5,658	98,485	55,944	0,000	60,356	15,161	13,812	15,158	60,356	650,000	0,000	141247,890	141248,891	141254,063	141254,419	141255,069	141255,089	0,000	51167,890	51168,891	51174,063	51174,419	51175,069	51175,089	18,931	2,702	18,932	2,700	25,000	0,000	NaN	3,041	1,000	788,000	269,000	960,000	373,333
390,000	790,000	1180,000	3,097	22,785	44,128	6,000	63,733	18,183	26,167	2,803	37,728	180,000	0,000	141259,792	141300,793	141306,415	141306,810	141306,990	141307,609	0,000	51179,792	51180,793	51186,415	51186,810	51186,990	51187,609	22,249	2,616	4,440	0,875	25,000	0,000	16,162	16,517	1,000	922,000	270,000	960,000	373,333
450,000	850,000	1300,000	4,673	30,588	38,531	6,000	60,639	18,751	24,108	4,861	42,533	260,000	0,000	141312,331	141313,331	141316,734	141317,190	141317,449	141318,049	0,000	51192,331	51193,331	51196,734	51197,190	51197,450	51198,049	22,615	4,275	7,384	1,704	25,000	0,000	17,982	20,093	1,000	901,000	218,000	960,000	373,333
300,000	860,000	1160,000	2,906	32,558	42,340	6,000	65,520	19,921	24,777	4,193	42,141	280,000	0,000	141324,568	141325,569	141330,834	141331,141	141331,421	141332,009	0,000	51204,568	51205,569	51210,834	51211,141	51211,421	51212,009	24,386	2,841	6,573	1,339	25,000	0,000	15,844	18,751	1,000	960,000	270,000	960,000	373,333
460,000	670,000	1130,000	2,379	22,388	59,703	2,000	64,734	16,903	27,363	1,607	29,890	150,000	0,000	141337,338	141338,339	141340,423	141340,890	141341,040	141341,569	0,000	51217,338	51218,339	51220,423	51220,890	51221,040	51221,569	21,432	1,576	2,407	0,738	25,000	0,000	2,168	8,700	1,000	892,000	323,000	960,000	373,333
530,000	670,000	1200,000	2,566	47,761	41,666	6,000	63,673	16,607	20,170	8,800	60,039	320,000	0,000	141346,832	141347,832	141351,276	141351,810	141352,130	141352,489	0,000	51226,832	51227,832	51231,276	51231,810	51232,130	51232,489	20,422	2,137	12,698	0,736	25,000	0,000	32,752	36,571	1,000	869,000	380,000	960,000	373,333
390,000	1040,000	1430,000	5,493	12,500	44,657	8,000	65,164	24,630	27,880	1,090	32,461	130,000	0,000	141401,383	141402,383	141405,801	141406,201	141406,331	141407,249	0,000	51241,383	51242,383	51245,801	51246,201	51246,331	51247,249	28,467	4,698	2,548	0,087	25,000	0,000	6,588	8,828	1,000	1133,000	464,000	960,000	373,333
300,000	1130,000	1430,000	1,691	25,664	31,137	8,000	63,905	18,831	27,258	1,712	30,496	290,000	0,000	141414,383	141415,384	141418,328	141418,629	141418,919	141419,770	0,000	51254,383	51255,384	51258,328	51258,629	51258,919	51259,770	24,331	2,644	4,100	0,405	25,000	0,000	0,281	6,931	1,000	931,000	426,000	960,000	373,333
310,000	730,000	1040,000	1,974	17,808	47,565	4,000	63,386	18,014	27,899	1,070	28,053	130,000	0,000	141425,453	141426,454	141429,670	141429,990	141430,120	141430,729	0,000	51265,453	51266,454	51269,670	51269,990	51270,120	51270,729	23,038	2,166	2,392	0,255	25,000	0,000	9,305	8,449	1,000	938,000	440,000	960,000	373,333
350,000	600,000	950,000	0,570	76,667	54,394	2,000	64,664	18,084	13,916	15,054	68,177	460,000	0,000	141435,331	141436,330	141439,539	141439,900	141440,360	141440,509	0,000	51275,331	51276,330	51279,539	51279,900	51280,360	51280,509	23,098	1,831	20,273	1,528	25,000	0,000	22,240	42,929	1,000	942,000	364,000	960,000	373,333
360,000	650,000	1010,000	4,712	40,000	36,521	4,000	60,247	15,053	23,971	4,999	47,392	260,000	0,000	141445,805	141446,806	141452,084	141452,449	141452,709	141453,109	0,000	51285,805	51286,806	51292,084	51292,449	51292,709	51293,109	18,260	2,728	7,643	0,882	25,000	0,000	11,570	24,835	1,000	796,000	339,000	960,000	373,333
500,000	650,000	1150,000	2,166	33,846	45,786	6,000	64,955	16,752	25,154	3,816	43,781	220,000	0,000	141500,266	141501,268	141504,554	141505,059	141505,279	141505,719	0,000	51300,266	51301,268	51304,554	51305,059	51305,279	51305,719	20,643	1,604	5,867	0,739	25,000	0,000	9,297	21,369	1,000	886,000	352,000	960,000	373,333
450,000	930,000	1380,000	0,282	16,129	43,535	10,000	66,860	17,963	27,301	1,669	38,708	150,000	0,000	141511,447	141512,446	141514,659	141515,109	141515,259	141516,049	0,000	51311,447	51312,446	51314,659	51315,109	51315,259	51316,049	22,642	0,985	3,453	0,116	25,000	0,000	11,235	11,748	1,000	950,000	374,000	960,000	373,333
360,000	1070,000	1430,000	2,983	24,299	37,318	14,000	66,207	21,816	26,816	2,154	35,511	260,000	0,000	141520,680	141521,682	141527,418	141527,779	141528,039	141528,859	0,000	51320,680	51321,682	51327,418	51327,779	51328,039	51328,859	27,134	2,656	4,449	0,478	25,000	0,000	5,191	9,428	1,000	1066,000	370,000	960,000	373,333
410,000	770,000	1180,000	1,442	19,481	47,930	7,000	65,665	17,413	27,586	1,384	35,393	150,000	0,000	141533,892	141534,891	141538,289	141538,709	141538,859	141539,489	0,000	51333,892	51334,891	51338,289	51338,709	51338,859	51339,489	21,546	1,575	2,618	0,219	25,000	0,000	10,301	9,755	1,000	909,000	368,000	960,000	373,333
370,000	850,000	1220,000	2,552	16,471	35,716	10,000	62,966	17,200	27,802	1,168	29,408	140,000	0,000	141544,094	141545,093	141550,497	141550,869	141551,009	141551,729	0,000	51344,094	51345,093	51350,497	51350,869	51351,009	51351,729	21,887	2,475	2,631	0,344	25,000	0,000	1,689	8,942	1,000	876,000	339,000	960,000	373,333
420,000	970,000	1390,000	1,958	34,021	31,788	6,000	64,305	18,089	24,541	4,429	45,647	330,000	0,000	141556,898	141557,898	141600,077	141600,499	141600,829	141601,480	0,000	51356,898	51357,898	51360,077	51360,499	51360,829	51361,480	23,234	2,055	7,903	0,735	25,000	0,000	14,064	17,442	1,000	929,000	311,000	960,000	373,333
420,000	970,000	1390,000	3,258	20,619	38,905	12,000	66,300	21,791	27,073	1,896	32,543	200,000	0,000	141612,399	141613,399	141616,570	141616,999	141617,199	141617,980	0,000	51372,399	51373,399	51376,570	51376,999	51377,199	51377,980	26,471	2,841	3,324	0,653	25,000	0,000	4,643	10,828	1,000	1057,000	310,000	960,000	373,333
320,000	840,000	1160,000	2,775	30,952	37,489	8,000	63,895	17,525	26,112	2,858	37,066	260,000	0,000	141625,368	141626,369	141629,828	141630,149	141630,409	141630,999	0,000	51385,368	51386,369	51389,828	51390,149	51390,409	51390,999	22,728	2,053	5,405	0,799	25,000	0,000	4,078	16,669	1,000	900,000	295,000	960,000	373,333
320,000	970,000	1290,000	0,861	12,371	32,953	12,000	61,968	19,174	28,012	0,958	24,185	120,000	0,000	141635,597	141636,598	141641,643	141641,969	141642,089	141642,951	0,000	51395,597	51396,598	51401,643	51401,969	51402,089	51402,951	23,654	3,461	1,704	0,427	25,000	0,000	3,506	8,295	1,000	956,000	343,000	960,000	373,333
320,000	1110,000	1430,000	1,613	20,721	28,399	13,000	64,283	18,759	27,111	1,859	32,908	230,000	0,000	141647,703	141648,703	141653,334	141653,660	141653,890	141654,779	0,000	51407,703	51408,703	51413,334	51413,660	51413,890	51414,779	23,634	2,401	3,671	0,505	25,000	0,000	9,374	8,731	1,000	958,000	316,000	960,000	373,333
230,000	820,000	1050,000	2,175	98,780	63,453	0,000	64,314	21,089	7,883	21,087	64,314	810,000	0,000	141701,269	141702,269	141708,154	141708,391	141709,201	141709,219	0,000	51421,269	51422,269	51428,154	51428,391	51429,201	51429,219	27,115	3,094	27,115	3,092	25,000	0,000	NaN	4,070	1,000	1026,000	333,000	960,000	373,333
560,000	870,000	1430,000	3,215	13,793	50,516	5,000	68,948	21,406	28,000	0,970	30,850	120,000	0,000	141714,718	141715,719	141718,271	141718,841	141718,961	141719,719	0,000	51434,718	51435,719	51438,271	51438,841	51438,961	51439,719	26,660	1,209	2,388	0,086	25,000	0,000	8,869	8,261	1,000	1074,000	365,000	960,000	373,333
310,000	850,000	1160,000	3,525	15,294	48,700	5,000	67,166	21,764	27,685	1,285	30,732	130,000	0,000	141727,444	141728,443	141731,656	141731,971	141732,101	141732,829	0,000	51447,444	51448,443	51451,656	51451,971	51452,101	51452,829	27,281	1,941	3,028	0,227	25,000	0,000	10,632	9,590	1,000	1081,000	406,000	960,000	373,333
340,000	850,000	1190,000	2,525	21,176	53,985	4,000	64,182	20,824	27,708	1,262	27,734	180,000	0,000	141738,411	141739,412	141743,943	141744,289	141744,469	141745,150	0,000	51458,411	51459,412	51463,943	51464,289	51464,469	51465,150	25,991	3,150	2,869	0,371	25,000	0,000	1,093	8,252	1,000	1019,000	441,000	960,000	373,333
350,000	850,000	1200,000	3,427	27,059	49,971	6,000	65,122	21,104	27,024	1,946	32,524	230,000	0,000	141750,708	141751,708	141757,523	141757,880	141758,110	141758,739	0,000	51470,708	51471,708	51477,523	51477,880	51478,110	51478,740	26,579	2,479	3,931	0,519	25,000	0,000	5,468	8,464	1,000	1062,000	440,000	960,000	373,333
320,000	820,000	1140,000	4,074	21,951	51,370	6,000	67,649	21,868	27,810	1,160	28,731	180,000	0,000	141804,952	141805,952	141811,723	141812,049	141812,229	141812,880	0,000	51484,952	51485,952	51491,723	51492,049	51492,229	51492,880	27,901	1,604	3,040	0,141	25,000	0,000	7,452	7,814	1,000	1092,000	433,000	960,000	373,333
440,000	960,000	1400,000	0,802	64,583	50,654	3,000	64,876	18,365	13,838	15,132	65,023	620,000	0,000	141820,481	141821,481	141823,754	141824,199	141824,819	141825,169	0,000	51500,481	51501,481	51503,754	51504,199	51504,819	51505,169	23,878	1,944	20,993	1,341	25,000	0,000	38,180	37,724	1,000	932,000	368,000	960,000	373,333
310,000	850,000	1160,000	3,164	35,294	41,584	8,000	62,158	16,734	25,686	3,284	43,598	300,000	0,000	141829,880	141830,881	141835,233	141835,552	141835,853	141836,409	0,000	51509,880	51510,881	51515,233	51515,553	51515,853	51516,409	20,842	2,728	6,137	0,424	25,000	0,000	13,964	13,953	1,000	848,000	384,000	960,000	373,333
400,000	890,000	1290,000	4,551	20,225	27,657	8,000	61,843	15,807	26,751	2,219	33,329	180,000	0,000	141842,976	141843,976	141849,543	141849,951	141850,131	141850,850	0,000	51522,976	51523,976	51529,543	51529,951	51530,131	51530,850	20,308	2,447	4,099	0,777	25,000	0,000	11,226	12,443	1,000	799,000	357,000	960,000	373,333
290,000	750,000	1040,000	2,166	21,333	62,100	5,000	64,401	17,149	26,767	2,203	33,902	160,000	0,000	141856,774	141857,774	141901,506	141901,800	141901,960	141902,560	0,000	51536,774	51537,774	51541,506	51541,800	51541,960	51542,560	22,361	1,744	4,300	0,705	25,000	0,000	15,627	15,547	1,000	883,000	372,000	960,000	373,333
340,000	670,000	1010,000	0,516	83,582	55,607	2,000	67,355	18,473	12,085	16,885	68,087	560,000	0,000	141907,485	141908,484	141910,502	141910,849	141911,409	141911,529	0,000	51547,485	51548,485	51550,502	51550,849	51551,409	51551,529	23,854	1,012	22,520	0,960	25,000	0,000	21,547	39,107	1,000	954,000	356,000	960,000	373,333
410,000	620,000	1030,000	0,750	98,387	69,242	0,000	65,916	19,063	9,907	19,062	65,916	610,000	0,000	141918,790	141919,790	141924,652	141925,069	141925,679	141925,699	0,000	51558,790	51559,790	51564,652	51565,069	51565,679	51565,699	23,794	1,942	23,793	1,942	25,000	0,000	NaN	10,765	1,000	960,000	400,000	960,000	373,333
410,000	830,000	1240,000	1,479	59,036	57,815	3,000	65,243	19,659	12,941	16,029	64,246	490,000	0,000	141934,972	141935,972	141941,008	141941,420	141941,910	141942,259	0,000	51574,972	51575,972	51581,008	51581,420	51581,910	51582,259	24,189	2,166	20,656	1,776	25,000	0,000	29,102	27,457	1,000	1002,000	405,000	960,000	373,333
