100,000	150,000	250,000	24,610	93,333	0,838	0,000	13,049	0,068	28,905	0,065	13,049	140,000	0,000	134304,199	134305,199	134308,206	134308,407	134308,547	134308,560	0,000	49384,200	49385,199	49388,206	49388,407	49388,547	49388,560	0,056	0,057	0,056	0,054	25,000	0,000	NaN	0,058	1,000	85,000	380,000	960,000	373,333
30,000	1400,000	1430,000	26,299	25,714	12,774	11,000	12,729	7,154	27,393	1,577	13,158	360,000	0,000	134328,220	134329,220	134332,740	134332,941	134333,301	134334,350	0,000	49408,220	49409,220	49412,740	49412,941	49413,301	49414,350	1,467	7,004	0,342	1,544	25,000	0,000	5,732	6,147	1,000	51,000	154,000	960,000	373,333
130,000	20,000	150,000	23,824	0,000	0,000	0,000	16,357	0,000	28,970	0,000	16,357	0,000	0,000	134339,105	134340,106	134345,108	134345,309	134345,309	134345,339	0,000	49419,105	49420,106	49425,108	49425,309	49425,309	49425,339	0,000	0,000	0,000	0,000	25,000	0,000	NaN	NaN	1,000	113,000	385,000	960,000	373,333
670,000	760,000	1430,000	26,633	22,368	15,096	8,000	9,823	5,541	27,913	1,057	11,145	170,000	0,000	134352,935	134353,936	134359,342	134400,021	134400,191	134400,789	0,000	49432,935	49433,936	49439,342	49440,021	49440,191	49440,789	0,817	5,478	0,283	1,017	25,000	0,000	5,549	5,263	1,000	43,000	137,000	960,000	373,333
540,000	890,000	1430,000	25,234	24,719	10,935	10,000	11,785	5,066	27,068	1,902	11,676	220,000	0,000	134405,390	134406,389	134409,726	134410,270	134410,490	134411,169	0,000	49445,390	49446,389	49449,726	49450,270	49450,490	49451,169	0,968	4,975	0,309	1,879	25,000	0,000	5,172	8,461	1,000	89,000	158,000	960,000	373,333
510,000	920,000	1430,000	22,772	36,957	10,896	7,000	18,962	6,539	26,442	2,528	19,461	340,000	0,000	134415,762	134416,761	134421,547	134422,060	134422,400	134422,989	0,000	49455,762	49456,761	49461,547	49462,060	49462,400	49462,989	2,375	6,098	1,161	2,276	25,000	0,000	4,072	3,706	1,000	191,000	120,000	960,000	373,333
610,000	820,000	1430,000	24,226	18,293	18,525	11,000	14,315	9,064	27,413	1,557	13,188	150,000	0,000	134427,610	134428,610	134432,632	134433,250	134433,400	134434,079	0,000	49467,610	49468,610	49472,632	49473,250	49473,400	49474,079	2,229	8,791	0,124	1,576	25,000	0,000	0,247	10,588	1,000	174,000	21,000	960,000	373,333
940,000	490,000	1430,000	23,888	30,612	19,027	4,000	15,857	5,813	27,917	1,053	15,255	150,000	0,000	134438,685	134439,685	134443,029	134443,979	134444,129	134444,480	0,000	49478,686	49479,685	49483,029	49483,979	49484,129	49484,480	1,731	5,563	0,311	1,008	25,000	0,000	11,304	7,254	1,000	160,000	88,000	960,000	373,333
2710,000	1020,000	3730,000	23,462	29,412	16,858	11,000	18,232	10,344	26,062	2,908	12,910	300,000	0,000	134449,636	134450,636	134454,869	134457,590	134457,890	134458,620	0,000	49489,636	49490,636	49494,869	49497,590	49497,890	49498,620	4,227	9,563	0,697	2,830	25,000	0,000	8,124	8,342	1,000	214,000	0,000	960,000	373,333
100,000	40,000	140,000	24,834	0,000	0,764	0,000	11,664	0,034	28,967	0,003	11,701	0,000	0,000	134504,487	134505,488	134510,923	134511,124	134511,124	134511,169	0,000	49504,487	49505,488	49510,923	49511,124	49511,124	49511,169	0,000	0,029	0,000	0,003	25,000	0,000	0,035	NaN	1,000	77,000	371,000	960,000	373,333
830,000	600,000	1430,000	24,182	45,000	18,737	3,000	14,042	7,552	25,722	3,248	16,474	270,000	0,000	134518,097	134519,097	134522,521	134523,360	134523,630	134523,969	0,000	49518,097	49519,097	49522,521	49523,360	49523,630	49523,969	1,492	7,412	1,000	3,097	25,000	0,000	0,543	10,310	1,000	154,000	74,000	960,000	373,333
470,000	960,000	1430,000	10,844	14,583	13,944	10,000	52,350	8,189	28,352	0,618	21,521	140,000	0,000	134528,573	134529,573	134533,919	134534,399	134534,539	134535,369	0,000	49528,573	49529,573	49533,920	49534,399	49534,539	49535,369	12,464	1,249	1,404	0,247	25,000	0,000	4,028	4,930	1,000	576,000	408,000	960,000	373,333
30,000	360,000	390,000	1,259	50,000	19,513	2,000	69,594	2,377	28,158	0,812	69,517	180,000	0,000	134539,996	134540,996	134544,037	134544,238	134544,418	134544,600	0,000	49539,996	49540,996	49544,037	49544,238	49544,418	49544,600	2,205	0,536	0,712	0,174	25,000	0,000	2,686	1,205	1,000	963,000	418,000	960,000	373,333
320,000	1110,000	1430,000	11,112	15,315	10,754	13,000	51,521	8,298	27,971	0,999	26,502	170,000	0,000	134549,207	134550,207	134552,476	134552,800	134552,970	134553,919	0,000	49549,207	49550,207	49552,476	49552,800	49552,970	49553,919	12,265	1,600	2,449	0,230	25,000	0,000	3,172	6,930	1,000	568,000	324,000	960,000	373,333
580,000	850,000	1430,000	11,900	32,941	14,573	8,000	52,436	7,225	27,216	1,753	34,288	280,000	0,000	134600,384	134601,384	134606,101	134606,690	134606,970	134607,549	0,000	49560,384	49561,385	49566,101	49566,690	49566,970	49567,549	11,095	0,827	3,835	0,169	25,000	0,000	7,627	6,072	1,000	537,000	363,000	960,000	373,333
680,000	750,000	1430,000	11,171	22,667	17,429	7,000	52,335	7,121	28,643	0,327	22,391	170,000	0,000	134613,791	134614,790	134620,671	134621,361	134621,531	134622,119	0,000	49573,791	49574,790	49580,671	49581,361	49581,531	49582,119	10,762	1,090	0,814	0,085	25,000	0,000	11,880	1,957	1,000	563,000	361,000	960,000	373,333
440,000	990,000	1430,000	2,283	12,121	31,438	12,000	65,544	21,954	27,905	1,065	32,040	120,000	0,000	134629,996	134630,996	134636,026	134636,471	134636,591	134637,469	0,000	49589,996	49590,996	49596,026	49596,471	49596,591	49597,469	25,791	3,657	2,337	0,132	25,000	0,000	2,862	8,241	1,000	1040,000	387,000	960,000	373,333
440,000	990,000	1430,000	4,979	29,293	24,741	10,000	61,313	14,485	26,560	2,410	35,362	290,000	0,000	134642,776	134643,777	134649,137	134649,579	134649,869	134650,579	0,000	49602,776	49603,777	49609,137	49609,579	49609,869	49610,579	19,204	1,767	4,556	0,616	25,000	0,000	2,642	9,885	1,000	783,000	370,000	960,000	373,333
460,000	970,000	1430,000	1,835	15,464	27,775	9,000	65,514	18,255	27,678	1,292	31,757	150,000	0,000	134656,188	134657,188	134700,656	134701,121	134701,271	134702,099	0,000	49616,188	49617,188	49620,656	49621,121	49621,271	49622,099	22,988	2,324	2,773	0,236	25,000	0,000	13,731	7,387	1,000	994,000	429,000	960,000	373,333
560,000	870,000	1430,000	5,187	27,586	26,376	8,000	59,462	14,195	27,212	1,757	28,595	240,000	0,000	134707,856	134708,855	134714,674	134715,239	134715,479	134716,119	0,000	49627,856	49628,855	49634,674	49635,239	49635,479	49636,119	18,956	2,584	3,420	0,736	25,000	0,000	13,139	7,770	1,000	794,000	293,000	960,000	373,333
310,000	1120,000	1430,000	5,911	13,393	15,499	14,000	60,626	12,582	28,159	0,811	21,458	150,000	0,000	134721,141	134722,142	134725,859	134726,179	134726,329	134727,309	0,000	49641,141	49642,142	49645,859	49646,179	49646,329	49647,309	17,192	1,544	1,190	0,479	25,000	0,000	8,394	5,015	1,000	753,000	337,000	960,000	373,333
140,000	30,000	170,000	24,133	0,000	0,000	0,000	15,654	0,000	28,970	0,000	15,654	0,000	0,000	134734,873	134735,872	134741,779	134741,980	134741,980	134742,020	0,000	49654,873	49655,872	49661,779	49661,980	49661,980	49662,020	0,000	0,000	0,000	0,000	25,000	0,000	NaN	NaN	1,000	102,000	362,000	960,000	373,333
450,000	920,000	1370,000	4,705	31,522	38,076	10,000	67,178	23,110	22,676	6,294	53,070	290,000	0,000	134746,621	134747,622	134752,816	134753,269	134753,559	134754,199	0,000	49666,621	49667,622	49672,816	49673,269	49673,559	49674,199	27,451	2,841	9,687	0,727	25,000	0,000	26,337	27,852	1,000	1122,000	415,000	960,000	373,333
450,000	980,000	1430,000	4,241	16,327	29,400	15,000	67,270	19,858	27,640	1,330	30,482	160,000	0,000	134759,575	134800,576	134802,859	134803,320	134803,480	134804,309	0,000	49679,575	49680,576	49682,859	49683,320	49683,480	49684,309	25,528	1,905	2,976	0,255	25,000	0,000	17,860	9,270	1,000	1091,000	448,000	960,000	373,333
1120,000	310,000	1430,000	24,264	96,774	5,614	0,000	14,722	0,747	28,225	0,744	14,758	300,000	0,000	134808,916	134809,916	134815,682	134816,809	134817,109	134817,130	0,000	49688,916	49689,916	49695,682	49696,809	49697,109	49697,130	0,254	0,706	0,255	0,703	25,000	0,000	NaN	0,213	1,000	98,000	338,000	960,000	373,333
580,000	850,000	1430,000	5,287	45,882	26,866	5,000	60,953	12,453	26,187	2,783	39,312	390,000	0,000	134821,734	134822,734	134826,374	134826,959	134827,349	134827,820	0,000	49701,735	49702,734	49706,374	49706,959	49707,349	49707,820	17,340	1,343	5,579	0,348	25,000	0,000	11,038	7,593	1,000	773,000	354,000	960,000	373,333
540,000	890,000	1430,000	4,422	15,730	25,138	10,000	61,783	14,018	28,075	0,894	29,700	140,000	0,000	134833,866	134834,866	134838,544	134839,091	134839,231	134839,989	0,000	49713,866	49714,866	49718,544	49719,091	49719,231	49719,989	17,880	1,803	1,688	0,232	25,000	0,000	9,553	6,223	1,000	803,000	365,000	960,000	373,333
530,000	900,000	1430,000	5,204	26,667	50,715	8,000	66,745	21,326	27,188	1,782	28,341	240,000	0,000	134846,904	134847,905	134853,231	134853,769	134854,009	134854,679	0,000	49726,904	49727,905	49733,231	49733,769	49734,009	49734,679	26,664	3,041	2,815	0,814	25,000	0,000	38,626	6,980	1,000	1145,000	376,000	960,000	373,333
410,000	1020,000	1430,000	4,551	31,373	20,760	9,000	63,360	13,266	27,179	1,791	37,361	320,000	0,000	134902,750	134903,750	134909,302	134909,720	134910,040	134910,752	0,000	49742,750	49743,750	49749,302	49749,720	49750,040	49750,752	17,520	1,109	3,598	0,123	25,000	0,000	6,591	8,105	1,000	799,000	357,000	960,000	373,333
700,000	730,000	1430,000	3,590	36,986	27,349	5,000	63,074	13,954	24,364	4,606	48,545	270,000	0,000	134915,416	134916,416	134919,708	134920,411	134920,681	134921,150	0,000	49755,416	49756,416	49759,708	49760,411	49760,681	49761,150	18,152	1,428	7,494	0,570	25,000	0,000	3,388	19,464	1,000	834,000	353,000	960,000	373,333
510,000	920,000	1430,000	7,406	15,217	19,406	12,000	60,705	11,578	28,080	0,890	28,427	140,000	0,000	134925,843	134926,842	134930,862	134931,380	134931,520	134932,309	0,000	49765,843	49766,842	49770,862	49771,380	49771,520	49772,309	16,160	1,102	2,373	0,104	25,000	0,000	4,527	6,647	1,000	697,000	360,000	960,000	373,333
500,000	930,000	1430,000	1,301	20,430	26,940	12,000	65,010	18,103	26,068	2,902	37,728	190,000	0,000	134936,916	134937,916	134940,859	134941,371	134941,561	134942,309	0,000	49776,916	49777,916	49780,859	49781,371	49781,561	49782,309	22,528	2,025	4,591	0,929	25,000	0,000	2,222	14,784	1,000	929,000	339,000	960,000	373,333
390,000	1040,000	1430,000	2,650	25,962	27,629	10,000	61,951	17,088	25,808	3,162	40,280	270,000	0,000	134946,913	134947,913	134950,411	134950,809	134951,079	134951,859	0,000	49786,913	49787,913	49790,411	49790,809	49791,079	49791,859	21,643	2,672	5,864	0,643	25,000	0,000	7,076	17,174	1,000	881,000	322,000	960,000	373,333
470,000	960,000	1430,000	0,951	14,583	37,620	14,000	66,316	19,249	27,815	1,155	33,661	140,000	0,000	135000,729	135001,731	135005,166	135005,639	135005,779	135006,609	0,000	49800,729	49801,731	49805,166	49805,639	49805,779	49806,609	23,401	1,829	2,134	0,175	25,000	0,000	0,783	7,577	1,000	993,000	366,000	960,000	373,333
470,000	960,000	1430,000	5,264	13,542	22,338	14,000	62,123	13,728	28,015	0,955	27,994	130,000	0,000	135011,200	135012,200	135016,310	135016,790	135016,920	135017,760	0,000	49811,200	49812,200	49816,310	49816,790	49816,920	49817,760	18,675	1,041	2,430	0,150	25,000	0,000	3,436	6,975	1,000	775,000	345,000	960,000	373,333
630,000	800,000	1430,000	2,468	15,000	28,103	7,000	63,079	15,262	28,295	0,675	27,991	120,000	0,000	135023,364	135024,364	135028,438	135029,069	135029,189	135029,879	0,000	49823,364	49824,364	49828,438	49829,069	49829,189	49829,879	19,624	1,659	1,616	0,039	25,000	0,000	16,747	5,674	1,000	873,000	362,000	960,000	373,333
500,000	930,000	1430,000	6,267	35,484	19,590	10,000	58,403	12,300	25,337	3,632	43,950	330,000	0,000	135037,144	135038,144	135041,516	135042,019	135042,349	135042,959	0,000	49837,144	49838,144	49841,516	49842,019	49842,349	49842,959	16,642	1,849	6,730	0,365	25,000	0,000	3,326	11,621	1,000	744,000	428,000	960,000	373,333
550,000	880,000	1430,000	2,131	30,682	25,074	10,000	60,607	15,679	25,468	3,502	38,882	270,000	0,000	135047,658	135048,658	135052,326	135052,879	135053,149	135053,769	0,000	49847,658	49848,659	49852,326	49852,879	49853,149	49853,769	19,260	2,939	5,035	1,068	25,000	0,000	11,303	11,491	1,000	885,000	384,000	960,000	373,333
1100,000	330,000	1430,000	12,985	87,879	24,930	1,000	54,017	6,133	23,724	5,246	48,530	290,000	0,000	135059,006	135100,006	135103,834	135104,939	135105,229	135105,281	0,000	49859,006	49860,006	49863,834	49864,939	49865,229	49865,281	8,449	1,071	7,370	1,000	25,000	0,000	1,960	17,269	1,000	505,000	295,000	960,000	373,333
570,000	860,000	1430,000	2,982	16,279	34,981	9,000	65,154	16,699	27,749	1,221	32,440	140,000	0,000	135120,726	135121,725	135125,487	135126,059	135126,199	135126,929	0,000	49880,726	49881,725	49885,487	49886,059	49886,199	49886,929	20,509	2,641	2,091	0,266	25,000	0,000	22,073	8,237	1,000	943,000	478,000	960,000	373,333
520,000	910,000	1430,000	1,098	32,967	26,020	10,000	66,622	14,956	26,749	2,221	40,306	300,000	0,000	135132,471	135133,471	135136,239	135136,769	135137,069	135137,689	0,000	49892,471	49893,471	49896,239	49896,769	49897,069	49897,689	19,233	0,934	3,932	0,115	25,000	0,000	19,126	3,712	1,000	925,000	356,000	960,000	373,333
450,000	970,000	1420,000	1,694	12,371	27,620	10,000	65,337	17,269	28,317	0,653	23,667	120,000	0,000	135142,499	135143,500	135149,284	135149,741	135149,861	135150,720	0,000	49902,499	49903,500	49909,284	49909,741	49909,861	49910,720	22,503	1,323	1,423	0,259	25,000	0,000	0,440	5,389	1,000	906,000	400,000	960,000	373,333
550,000	880,000	1430,000	6,000	21,591	43,027	6,000	69,247	22,026	27,291	1,678	35,943	190,000	0,000	135155,321	135156,321	135159,945	135200,500	135200,690	135201,390	0,000	49915,322	49916,321	49919,945	49920,500	49920,690	49921,390	26,984	2,193	3,455	0,169	25,000	0,000	11,631	10,448	1,000	1167,000	425,000	960,000	373,333
370,000	1060,000	1430,000	1,545	10,377	24,345	15,000	64,810	16,237	28,497	0,473	18,446	110,000	0,000	135209,016	135210,015	135213,753	135214,129	135214,239	135215,202	0,000	49929,016	49930,015	49933,753	49934,129	49934,239	49935,202	22,233	1,241	0,965	0,257	25,000	0,000	11,651	4,054	1,000	928,000	418,000	960,000	373,333
810,000	620,000	1430,000	17,072	25,806	7,550	8,000	42,358	3,160	28,398	0,572	26,254	160,000	0,000	135223,760	135224,760	135227,744	135228,561	135228,721	135229,191	0,000	49943,760	49944,760	49947,744	49948,561	49948,721	49949,191	5,781	0,166	1,322	0,082	25,000	0,000	3,396	3,700	1,000	353,000	372,000	960,000	373,333
370,000	1030,000	1400,000	2,632	40,777	52,037	6,000	64,131	21,458	24,824	4,145	45,196	420,000	0,000	135234,340	135235,340	135240,026	135240,400	135240,820	135241,439	0,000	49954,340	49955,340	49960,026	49960,400	49960,820	49961,439	26,273	3,687	7,728	0,625	25,000	0,000	14,726	17,983	1,000	1027,000	308,000	960,000	373,333
580,000	770,000	1350,000	1,491	16,883	43,118	8,000	66,090	20,305	27,335	1,634	33,491	130,000	0,000	135246,056	135247,056	135252,667	135253,250	135253,380	135254,030	0,000	49966,056	49967,056	49972,667	49973,250	49973,380	49974,030	24,976	2,250	3,163	0,395	25,000	0,000	8,007	12,041	1,000	1013,000	372,000	960,000	373,333
430,000	860,000	1290,000	2,522	40,698	39,444	4,000	63,697	16,647	24,432	4,537	47,906	350,000	0,000	135258,731	135259,731	135305,063	135305,500	135305,850	135306,369	0,000	49978,731	49979,731	49985,063	49985,500	49985,850	49986,369	21,547	1,744	8,170	0,408	25,000	0,000	13,820	16,667	1,000	876,000	342,000	960,000	373,333
680,000	750,000	1430,000	3,014	48,000	50,224	4,000	68,197	21,457	20,482	8,487	57,658	360,000	0,000	135311,961	135312,961	135318,430	135319,119	135319,479	135319,879	0,000	49991,961	49992,961	49998,430	49999,119	49999,479	49999,879	25,253	2,397	11,502	1,531	25,000	0,000	13,443	33,718	1,000	1066,000	389,000	960,000	373,333
650,000	780,000	1430,000	5,394	32,051	34,374	8,000	62,523	13,978	27,177	1,793	35,131	250,000	0,000	135324,606	135325,605	135331,433	135332,090	135332,340	135332,879	0,000	50004,606	50005,605	50011,433	50012,090	50012,340	50012,879	18,699	1,295	3,891	0,265	25,000	0,000	7,934	8,659	1,000	777,000	316,000	960,000	373,333
1080,000	350,000	1430,000	7,717	97,143	37,336	0,000	59,561	8,372	20,971	7,999	58,275	340,000	0,000	135337,823	135338,823	135341,588	135342,679	135343,019	135343,039	0,000	50017,823	50018,823	50021,588	50022,679	50023,019	50023,039	12,576	0,474	12,142	0,460	25,000	0,000	NaN	32,327	1,000	686,000	359,000	960,000	373,333
480,000	950,000	1430,000	6,142	12,632	37,721	12,000	71,950	22,362	28,370	0,600	30,139	120,000	0,000	135348,073	135349,074	135354,778	135355,259	135355,379	135356,219	0,000	50028,073	50029,074	50034,778	50035,259	50035,379	50036,219	27,083	1,476	1,358	0,066	25,000	0,000	23,578	4,678	1,000	1171,000	317,000	960,000	373,333
660,000	770,000	1430,000	11,813	40,260	15,729	5,000	50,291	7,234	27,135	1,835	33,153	310,000	0,000	135402,693	135403,692	135409,126	135409,791	135410,101	135410,571	0,000	50042,693	50043,692	50049,126	50049,791	50050,101	50050,571	11,011	1,337	4,024	0,236	25,000	0,000	6,246	7,099	1,000	541,000	344,000	960,000	373,333
480,000	950,000	1430,000	5,870	49,474	43,277	5,000	67,572	22,665	22,928	6,042	49,483	470,000	0,000	135416,293	135417,292	135422,211	135422,700	135423,170	135423,660	0,000	50056,293	50057,292	50062,211	50062,700	50063,170	50063,660	27,801	2,845	9,414	1,176	25,000	0,000	3,545	21,900	1,000	1147,000	466,000	960,000	373,333
540,000	890,000	1430,000	7,116	43,820	27,667	5,000	58,789	11,791	22,219	6,751	51,607	390,000	0,000	135430,865	135431,864	135437,079	135437,629	135438,019	135438,529	0,000	50070,865	50071,864	50077,079	50077,629	50078,019	50078,529	16,991	0,956	11,318	0,670	25,000	0,000	22,812	22,745	1,000	707,000	374,000	960,000	373,333
330,000	1100,000	1430,000	2,277	31,818	20,767	10,000	63,409	16,425	24,973	3,997	43,784	350,000	0,000	135443,945	135444,946	135449,870	135450,210	135450,560	135451,319	0,000	50083,945	50084,946	50089,870	50090,210	50090,560	50091,319	22,049	1,428	7,703	0,419	25,000	0,000	3,938	17,276	1,000	882,000	395,000	960,000	373,333
30,000	30,000	60,000	24,246	0,000	0,000	0,000	14,281	0,000	28,970	0,000	14,281	0,000	0,000	135458,868	135459,869	135504,170	135504,370	135504,370	135504,410	0,000	50098,868	50099,869	50104,170	50104,370	50104,370	50104,410	0,000	0,000	0,000	0,000	25,000	0,000	NaN	NaN	1,000	98,000	385,000	960,000	373,333
610,000	820,000	1430,000	2,404	18,293	38,227	8,000	66,156	19,202	27,527	1,443	30,686	150,000	0,000	135510,214	135511,214	135516,604	135517,222	135517,372	135518,049	0,000	50110,214	50111,214	50116,604	50117,222	50117,372	50118,049	24,703	1,566	2,940	0,398	25,000	0,000	8,033	8,550	1,000	1024,000	430,000	960,000	373,333
410,000	1020,000	1430,000	3,298	13,725	23,274	11,000	62,306	14,342	28,411	0,559	24,383	140,000	0,000	135526,489	135527,490	135531,350	135531,770	135531,910	135532,800	0,000	50126,489	50127,490	50131,350	50131,770	50131,910	50132,800	19,410	1,303	1,329	0,136	25,000	0,000	10,527	3,656	1,000	850,000	414,000	960,000	373,333
790,000	640,000	1430,000	4,890	60,937	32,425	2,000	61,236	13,563	22,085	6,884	52,552	390,000	0,000	135538,230	135539,229	135541,943	135542,740	135543,130	135543,390	0,000	50138,230	50139,229	50141,943	50142,740	50143,130	50143,390	18,137	1,546	10,698	0,743	25,000	0,000	1,047	18,153	1,000	799,000	439,000	960,000	373,333
