530,000	310,000	840,000	22,071	45,161	28,211	2,000	19,345	4,507	25,919	3,051	19,550	140,000	0,000	140328,045	140329,044	140333,704	140334,239	140334,380	140334,560	0,000	50608,045	50609,044	50613,704	50614,240	50614,380	50614,560	2,758	3,825	2,304	2,487	25,000	0,000	19,740	17,667	1,000	209,000	601,000	960,000	373,333
390,000	280,000	670,000	19,653	96,429	54,030	0,000	26,189	6,981	21,988	6,982	26,189	270,000	0,000	140339,862	140340,863	140345,781	140346,180	140346,451	140346,470	0,000	50619,862	50620,863	50625,781	50626,181	50626,451	50626,470	4,361	5,655	4,360	5,657	25,000	0,000	NaN	1,457	1,000	299,000	600,000	960,000	373,333
360,000	410,000	770,000	15,685	68,293	102,178	3,000	35,231	15,262	14,148	14,822	35,349	280,000	0,000	140352,958	140353,958	140358,856	140359,219	140359,499	140359,639	0,000	50632,958	50633,958	50638,856	50639,219	50639,499	50639,640	11,420	10,890	11,210	10,532	25,000	0,000	13,896	17,576	1,000	563,000	765,000	960,000	373,333
360,000	590,000	950,000	13,261	71,186	145,094	2,000	53,488	27,558	2,203	26,766	53,159	420,000	0,000	140406,914	140407,914	140412,591	140412,960	140413,380	140413,560	0,000	50646,914	50647,914	50652,591	50652,960	50653,380	50653,560	26,804	12,375	25,986	12,302	25,000	0,000	1,746	1,750	1,000	1040,000	838,000	960,000	373,333
380,000	210,000	590,000	23,055	61,905	61,313	2,000	18,158	10,288	22,249	6,721	18,181	130,000	0,000	140420,550	140421,551	140424,460	140424,850	140424,980	140425,071	0,000	50660,550	50661,551	50664,460	50664,850	50664,980	50665,071	3,572	9,618	2,432	6,322	25,000	0,000	5,193	52,085	1,000	265,000	808,000	960,000	373,333
350,000	150,000	500,000	20,987	0,000	80,982	0,000	22,637	8,976	28,911	0,058	19,159	0,000	0,000	140432,078	140433,078	140436,519	140436,870	140436,870	140437,030	0,000	50672,078	50673,078	50676,519	50676,870	50676,870	50677,031	4,216	7,876	0,028	0,051	25,000	0,000	78,048	NaN	1,000	304,000	729,000	960,000	373,333
470,000	520,000	990,000	16,791	61,538	122,218	3,000	38,025	18,362	10,713	18,257	37,850	320,000	0,000	140441,632	140442,632	140444,683	140445,161	140445,481	140445,689	0,000	50681,632	50682,632	50684,683	50685,161	50685,481	50685,689	13,896	12,572	13,741	12,571	25,000	0,000	0,280	0,599	1,000	677,000	899,000	960,000	373,333
300,000	140,000	440,000	15,195	0,000	119,804	0,000	37,137	11,266	28,902	0,068	27,144	0,000	0,000	140451,713	140452,713	140454,916	140455,220	140455,220	140455,370	0,000	50691,713	50692,713	50694,916	50695,220	50695,220	50695,370	8,737	7,433	0,067	0,046	25,000	0,000	116,270	NaN	1,000	518,000	684,000	960,000	373,333
340,000	480,000	820,000	14,841	75,000	120,638	2,000	48,271	25,711	4,855	24,115	49,171	360,000	0,000	140459,977	140500,978	140506,324	140506,670	140507,030	140507,161	0,000	50699,977	50700,978	50706,324	50706,670	50707,030	50707,161	23,626	13,808	22,866	12,546	25,000	0,000	32,876	44,974	1,000	1006,000	899,000	960,000	373,333
320,000	50,000	370,000	25,468	0,000	25,068	0,000	14,478	1,121	28,922	0,048	13,975	0,000	0,000	140511,773	140512,773	140515,443	140515,771	140515,771	140515,829	0,000	50711,773	50712,773	50715,443	50715,771	50715,771	50715,829	0,386	0,965	0,033	0,041	25,000	0,000	3,173	NaN	1,000	56,000	426,000	960,000	373,333
430,000	400,000	830,000	13,294	32,500	112,251	2,000	48,759	20,638	16,448	12,522	48,625	130,000	0,000	140521,705	140522,705	140526,774	140527,210	140527,340	140527,619	0,000	50721,705	50722,705	50726,774	50727,210	50727,340	50727,619	19,074	10,099	12,807	6,066	25,000	0,000	101,061	99,500	1,000	965,000	846,000	960,000	373,333
310,000	210,000	520,000	4,499	0,000	198,313	0,000	67,939	22,102	28,935	0,034	30,237	0,000	0,000	140534,272	140535,273	140537,881	140538,199	140538,199	140538,421	0,000	50734,272	50735,273	50737,881	50738,199	50738,199	50738,422	25,397	2,120	0,077	0,003	25,000	0,000	184,033	NaN	1,000	1103,000	445,000	960,000	373,333
330,000	250,000	580,000	5,990	96,000	177,105	0,000	70,849	23,075	5,977	22,993	70,849	240,000	0,000	140543,040	140544,041	140549,742	140550,081	140550,321	140550,340	0,000	50743,040	50744,041	50749,742	50750,081	50750,321	50750,340	26,719	0,961	26,753	0,959	25,000	0,000	NaN	167,759	1,000	1172,000	353,000	960,000	373,333
330,000	460,000	790,000	6,593	80,435	148,617	2,000	72,416	24,703	4,608	24,362	72,762	370,000	0,000	140556,299	140557,299	140603,270	140603,609	140603,979	140604,080	0,000	50756,299	50757,299	50763,270	50763,610	50763,980	50764,080	28,410	0,422	28,140	0,396	25,000	0,000	0,811	6,328	1,000	1193,000	399,000	960,000	373,333
370,000	430,000	800,000	5,521	79,070	133,199	2,000	68,240	24,500	4,816	24,154	68,475	340,000	0,000	140610,729	140611,729	140615,629	140616,002	140616,342	140616,440	0,000	50770,729	50771,729	50775,629	50776,002	50776,342	50776,440	27,031	3,152	26,797	3,024	25,000	0,000	1,709	6,058	1,000	1121,000	261,000	960,000	373,333
390,000	400,000	790,000	6,568	97,500	134,188	0,000	70,248	23,168	5,803	23,167	70,248	390,000	0,000	140621,497	140622,497	140628,268	140628,659	140629,049	140629,069	0,000	50781,497	50782,497	50788,268	50788,659	50789,049	50789,069	27,032	0,731	27,034	0,731	25,000	0,000	NaN	2,602	1,000	1193,000	389,000	960,000	373,333
390,000	330,000	720,000	2,807	96,970	116,196	0,000	65,048	18,197	10,775	18,195	65,048	320,000	0,000	140635,348	140636,349	140639,606	140640,000	140640,321	140640,340	0,000	50795,348	50796,349	50799,606	50800,001	50800,321	50800,340	20,425	2,476	20,427	2,476	25,000	0,000	NaN	4,127	1,000	943,000	275,000	960,000	373,333
410,000	380,000	790,000	2,474	97,368	101,595	0,000	65,425	18,396	10,576	18,394	65,425	370,000	0,000	140644,952	140645,953	140648,546	140648,959	140649,329	140649,350	0,000	50804,952	50805,953	50808,546	50808,960	50809,330	50809,350	22,192	1,294	22,192	1,295	25,000	0,000	NaN	1,053	1,000	1015,000	442,000	960,000	373,333
360,000	450,000	810,000	4,171	75,556	121,756	2,000	65,619	21,347	7,695	21,275	65,686	340,000	0,000	140653,975	140654,974	140658,554	140658,921	140659,261	140659,382	0,000	50813,975	50814,974	50818,554	50818,921	50819,261	50819,382	23,429	3,263	23,395	3,201	25,000	0,000	3,469	2,896	1,000	1071,000	275,000	960,000	373,333
120,000	510,000	630,000	8,739	56,863	143,771	4,000	68,108	28,146	7,081	21,889	72,227	290,000	0,000	140704,108	140705,109	140710,292	140710,492	140710,783	140711,010	0,000	50824,108	50825,109	50830,292	50830,493	50830,783	50831,010	35,157	3,460	30,258	1,978	25,000	0,000	131,533	133,759	1,000	1270,000	352,000	960,000	373,333
340,000	330,000	670,000	3,215	93,939	104,115	1,000	60,655	14,680	14,296	14,673	60,655	310,000	0,000	140716,412	140717,411	140722,944	140723,289	140723,599	140723,631	0,000	50836,412	50837,411	50842,944	50843,289	50843,599	50843,631	17,582	1,830	17,584	1,830	25,000	0,000	NaN	1,720	1,000	846,000	365,000	960,000	373,333
360,000	460,000	820,000	3,392	91,304	73,958	1,000	62,575	15,330	13,663	15,307	62,675	420,000	0,000	140728,230	140729,230	140735,171	140735,539	140735,959	140736,010	0,000	50848,230	50849,230	50855,171	50855,539	50855,959	50856,010	18,592	1,547	18,573	1,547	25,000	0,000	0,037	0,554	1,000	863,000	445,000	960,000	373,333
360,000	290,000	650,000	4,602	96,552	92,886	0,000	65,862	12,550	16,423	12,547	65,862	280,000	0,000	140740,938	140741,938	140745,732	140746,100	140746,380	140746,400	0,000	50860,938	50861,938	50865,732	50866,100	50866,380	50866,400	14,573	0,085	14,574	0,086	25,000	0,000	NaN	1,886	1,000	797,000	359,000	960,000	373,333
370,000	340,000	710,000	1,073	91,176	134,238	1,000	66,671	18,824	10,184	18,786	66,671	310,000	0,000	140752,225	140753,225	140755,983	140756,359	140756,669	140756,710	0,000	50872,225	50873,225	50875,983	50876,360	50876,670	50876,710	21,523	1,885	21,517	1,886	25,000	0,000	NaN	3,200	1,000	966,000	411,000	960,000	373,333
310,000	750,000	1060,000	4,214	44,000	150,246	4,000	69,373	25,295	5,884	23,086	70,660	330,000	0,000	140803,347	140804,346	140807,122	140807,441	140807,771	140808,200	0,000	50883,347	50884,346	50887,122	50887,441	50887,771	50888,200	27,986	2,701	26,182	1,416	25,000	0,000	1,870	4,289	1,000	1106,000	407,000	960,000	373,333
320,000	510,000	830,000	5,082	88,235	135,068	2,000	66,312	22,136	6,845	22,125	66,355	450,000	0,000	140814,345	140815,344	140821,098	140821,422	140821,872	140821,939	0,000	50894,345	50895,344	50901,099	50901,423	50901,873	50901,939	26,522	2,279	26,522	2,252	25,000	0,000	0,054	0,460	1,000	1098,000	490,000	960,000	373,333
330,000	350,000	680,000	0,232	94,286	112,981	1,000	66,380	17,829	11,147	17,822	66,380	330,000	0,000	140827,448	140828,448	140834,017	140834,350	140834,679	140834,709	0,000	50907,448	50908,448	50914,018	50914,350	50914,680	50914,709	21,492	0,956	21,495	0,956	25,000	0,000	NaN	2,088	1,000	953,000	369,000	960,000	373,333
340,000	350,000	690,000	3,212	51,429	114,017	2,000	69,398	20,406	13,014	15,956	72,474	180,000	0,000	140839,476	140840,476	140845,466	140845,810	140845,990	140846,169	0,000	50919,476	50920,476	50925,466	50925,810	50925,990	50926,169	23,237	1,071	19,611	0,539	25,000	0,000	96,422	98,566	1,000	1072,000	351,000	960,000	373,333
300,000	390,000	690,000	2,910	89,744	134,392	1,000	65,218	20,933	8,066	20,904	65,313	350,000	0,000	140852,232	140853,232	140858,576	140858,879	140859,229	140859,280	0,000	50932,232	50933,232	50938,576	50938,879	50939,229	50939,280	24,274	2,644	24,262	2,644	25,000	0,000	0,379	3,460	1,000	1053,000	328,000	960,000	373,333
300,000	370,000	670,000	2,878	81,081	118,230	2,000	64,365	16,380	12,601	16,369	64,416	300,000	0,000	140903,987	140904,987	140909,609	140909,910	140910,210	140910,289	0,000	50943,987	50944,987	50949,609	50949,910	50950,210	50950,289	18,365	2,026	18,373	1,998	25,000	0,000	1,617	2,105	1,000	893,000	296,000	960,000	373,333
410,000	290,000	700,000	3,753	96,552	113,307	0,000	65,546	14,541	14,430	14,540	65,546	280,000	0,000	140914,941	140915,941	140918,526	140918,939	140919,219	140919,239	0,000	50954,941	50955,941	50958,526	50958,939	50959,219	50959,239	15,390	1,660	15,393	1,660	25,000	0,000	NaN	2,052	1,000	860,000	285,000	960,000	373,333
350,000	320,000	670,000	0,253	96,875	112,065	0,000	66,592	17,218	11,753	17,217	66,592	310,000	0,000	140924,915	140925,914	140928,453	140928,811	140929,121	140929,139	0,000	50964,915	50965,914	50968,453	50968,811	50969,121	50969,139	19,749	1,013	19,752	1,014	25,000	0,000	NaN	2,996	1,000	967,000	379,000	960,000	373,333
280,000	320,000	600,000	1,002	96,875	120,349	0,000	65,221	17,809	11,165	17,805	65,221	310,000	0,000	140934,365	140935,366	140938,852	140939,141	140939,451	140939,470	0,000	50974,365	50975,366	50978,852	50979,141	50979,451	50979,470	19,583	1,744	19,585	1,743	25,000	0,000	NaN	3,266	1,000	936,000	347,000	960,000	373,333
290,000	290,000	580,000	4,852	96,552	100,892	0,000	63,048	13,494	15,478	13,492	63,048	280,000	0,000	140944,389	140945,390	140948,782	140949,079	140949,359	140949,380	0,000	50984,389	50985,390	50988,782	50989,079	50989,359	50989,380	15,193	1,463	15,196	1,461	25,000	0,000	NaN	2,584	1,000	798,000	314,000	960,000	373,333
310,000	350,000	660,000	4,877	51,429	88,650	3,000	60,904	14,099	16,747	12,223	61,651	180,000	0,000	140955,024	140956,024	141000,144	141000,459	141000,639	141000,820	0,000	50995,024	50996,024	51000,144	51000,460	51000,640	51000,820	16,539	2,025	15,061	1,815	25,000	0,000	74,139	76,288	1,000	796,000	317,000	960,000	373,333
270,000	340,000	610,000	3,548	97,059	104,920	0,000	62,548	17,040	11,931	17,039	62,548	330,000	0,000	141008,209	141009,210	141013,178	141013,451	141013,780	141013,802	0,000	51008,209	51009,210	51013,178	51013,451	51013,781	51013,802	19,806	2,673	19,808	2,673	25,000	0,000	NaN	3,821	1,000	873,000	282,000	960,000	373,333
360,000	370,000	730,000	12,263	64,865	53,369	3,000	54,147	5,879	23,151	5,818	54,289	240,000	0,000	141021,060	141022,061	141026,181	141026,552	141026,791	141026,930	0,000	51021,061	51022,061	51026,181	51026,552	51026,792	51026,930	7,256	0,310	7,259	0,253	25,000	0,000	3,165	1,216	1,000	524,000	375,000	960,000	373,333
320,000	300,000	620,000	7,064	96,667	81,143	0,000	60,145	10,848	18,124	10,845	60,145	290,000	0,000	141032,115	141033,114	141036,350	141036,680	141036,970	141036,989	0,000	51032,115	51033,114	51036,350	51036,680	51036,970	51036,989	14,630	0,394	14,632	0,394	25,000	0,000	NaN	1,095	1,000	712,000	413,000	960,000	373,333
330,000	340,000	670,000	3,713	94,118	97,947	1,000	63,326	14,047	14,932	14,038	63,326	320,000	0,000	141041,622	141042,622	141045,364	141045,699	141046,019	141046,051	0,000	51041,622	51042,622	51045,364	51045,700	51046,020	51046,051	16,230	1,351	16,226	1,351	25,000	0,000	NaN	1,282	1,000	836,000	328,000	960,000	373,333
320,000	850,000	1170,000	3,279	42,353	117,782	6,000	70,103	23,816	6,778	22,192	69,707	360,000	0,000	141052,604	141053,603	141055,816	141056,141	141056,501	141057,000	0,000	51052,604	51053,603	51055,816	51056,141	51056,501	51057,000	26,494	2,279	25,000	1,990	25,000	0,000	7,426	6,095	1,000	1073,000	402,000	960,000	373,333
310,000	390,000	700,000	4,398	97,436	109,281	0,000	64,455	14,248	14,723	14,247	64,455	380,000	0,000	141101,777	141102,778	141107,358	141107,671	141108,051	141108,070	0,000	51061,777	51062,779	51067,358	51067,671	51068,051	51068,070	16,791	0,816	16,791	0,813	25,000	0,000	NaN	0,886	1,000	807,000	341,000	960,000	373,333
310,000	360,000	670,000	1,119	83,333	123,278	2,000	67,294	17,283	11,708	17,261	67,343	300,000	0,000	141114,741	141115,742	141121,659	141121,979	141122,279	141122,351	0,000	51074,741	51075,742	51081,659	51081,979	51082,279	51082,351	20,615	0,985	20,623	0,956	25,000	0,000	0,704	2,619	1,000	957,000	413,000	960,000	373,333
320,000	390,000	710,000	3,666	74,359	103,828	2,000	65,016	15,023	14,433	14,537	65,234	290,000	0,000	141126,959	141127,959	141130,942	141131,270	141131,560	141131,669	0,000	51086,959	51087,959	51090,942	51091,270	51091,560	51091,669	17,075	1,322	16,640	1,294	25,000	0,000	4,024	2,189	1,000	845,000	312,000	960,000	373,333
350,000	350,000	700,000	2,398	97,143	103,082	0,000	63,995	16,161	12,810	16,160	63,995	340,000	0,000	141137,232	141138,231	141142,955	141143,310	141143,650	141143,671	0,000	51097,232	51098,231	51102,955	51103,311	51103,651	51103,671	18,931	1,745	18,933	1,745	25,000	0,000	NaN	1,263	1,000	886,000	331,000	960,000	373,333
380,000	420,000	800,000	2,625	71,429	123,011	3,000	64,116	18,118	11,036	17,934	64,546	300,000	0,000	141148,272	141149,273	141151,432	141151,821	141152,120	141152,250	0,000	51108,272	51109,273	51111,432	51111,821	51112,121	51112,250	19,322	3,073	19,271	2,782	25,000	0,000	0,281	1,132	1,000	959,000	280,000	960,000	373,333
330,000	360,000	690,000	1,782	97,222	115,561	0,000	65,644	20,003	8,972	19,998	65,644	350,000	0,000	141156,861	141157,861	141200,978	141201,310	141201,660	141201,679	0,000	51116,861	51117,861	51120,978	51121,310	51121,660	51121,679	22,955	2,503	22,956	2,504	25,000	0,000	NaN	3,958	1,000	1020,000	353,000	960,000	373,333
330,000	440,000	770,000	3,218	34,091	116,196	4,000	68,456	21,067	13,759	15,211	71,715	150,000	0,000	141206,483	141207,483	141209,636	141209,971	141210,121	141210,419	0,000	51126,483	51127,483	51129,637	51129,971	51130,121	51130,419	22,306	2,540	17,442	1,609	25,000	0,000	105,717	110,862	1,000	1047,000	299,000	960,000	373,333
340,000	1060,000	1400,000	2,106	29,245	101,512	12,000	64,093	15,947	14,179	14,791	65,336	310,000	0,000	141216,062	141217,061	141221,480	141221,831	141222,141	141222,900	0,000	51136,062	51137,061	51141,480	51141,831	51142,141	51142,900	17,158	2,450	16,373	1,405	25,000	0,000	1,957	0,709	1,000	894,000	338,000	960,000	373,333
330,000	420,000	750,000	4,576	95,238	119,116	1,000	66,332	21,002	7,979	20,990	66,332	400,000	0,000	141228,772	141229,772	141232,372	141232,710	141233,111	141233,140	0,000	51148,772	51149,772	51152,372	51152,711	51153,111	51153,140	23,291	2,729	23,290	2,729	25,000	0,000	NaN	1,385	1,000	1082,000	481,000	960,000	373,333
340,000	320,000	660,000	3,224	90,625	110,024	1,000	63,773	14,563	14,419	14,551	63,773	290,000	0,000	141238,097	141239,098	141243,834	141244,180	141244,470	141244,511	0,000	51158,097	51159,098	51163,834	51164,180	51164,470	51164,511	16,202	1,631	16,198	1,633	25,000	0,000	NaN	2,182	1,000	857,000	323,000	960,000	373,333
330,000	350,000	680,000	0,365	97,143	122,239	0,000	67,127	17,363	11,607	17,363	67,127	340,000	0,000	141250,931	141251,931	141256,983	141257,320	141257,660	141257,680	0,000	51170,931	51171,931	51176,983	51177,320	51177,660	51177,680	20,477	0,761	20,478	0,761	25,000	0,000	NaN	3,354	1,000	951,000	364,000	960,000	373,333
340,000	480,000	820,000	3,004	60,417	120,462	4,000	59,253	19,020	10,868	18,102	61,738	290,000	0,000	141303,145	141304,145	141307,896	141308,241	141308,531	141308,729	0,000	51183,145	51184,145	51187,896	51188,241	51188,531	51188,729	18,619	6,048	18,517	4,367	25,000	0,000	1,175	4,166	1,000	933,000	270,000	960,000	373,333
370,000	350,000	720,000	2,325	97,143	101,149	0,000	66,221	15,644	13,328	15,642	66,221	340,000	0,000	141314,156	141315,156	141318,996	141319,370	141319,710	141319,731	0,000	51194,156	51195,156	51198,996	51199,370	51199,710	51199,731	18,144	0,928	18,144	0,929	25,000	0,000	NaN	0,718	1,000	889,000	331,000	960,000	373,333
470,000	330,000	800,000	4,676	96,970	92,803	0,000	60,322	14,961	14,010	14,960	60,322	320,000	0,000	141325,234	141326,234	141328,827	141329,302	141329,622	141329,640	0,000	51205,234	51206,234	51208,827	51209,302	51209,622	51209,640	17,892	2,251	17,894	2,252	25,000	0,000	NaN	5,088	1,000	810,000	445,000	960,000	373,333
320,000	430,000	750,000	5,233	93,023	100,532	1,000	60,164	13,063	15,923	13,046	60,164	400,000	0,000	141336,033	141337,033	141342,316	141342,640	141343,040	141343,080	0,000	51216,033	51217,033	51222,316	51222,640	51223,040	51223,080	14,346	2,194	14,337	2,194	25,000	0,000	NaN	0,453	1,000	783,000	316,000	960,000	373,333
400,000	340,000	740,000	4,977	91,176	106,687	1,000	63,595	15,365	13,625	15,345	63,595	310,000	0,000	141349,818	141350,820	141353,668	141354,070	141354,380	141354,419	0,000	51229,818	51230,820	51233,668	51234,070	51234,380	51234,419	16,427	2,618	16,427	2,589	25,000	0,000	NaN	0,193	1,000	846,000	238,000	960,000	373,333
340,000	350,000	690,000	3,724	85,714	122,340	2,000	67,143	18,146	10,856	18,114	67,123	300,000	0,000	141359,017	141400,018	141405,011	141405,360	141405,660	141405,720	0,000	51239,017	51240,018	51245,011	51245,360	51245,660	51245,720	20,251	2,334	20,229	2,336	25,000	0,000	0,213	2,963	1,000	964,000	241,000	960,000	373,333
310,000	420,000	730,000	3,905	78,571	104,445	2,000	62,609	16,293	12,723	16,247	62,634	330,000	0,000	141413,332	141414,331	141419,373	141419,691	141420,022	141420,121	0,000	51253,332	51254,331	51259,373	51259,692	51260,022	51260,121	19,576	2,448	19,551	2,411	25,000	0,000	2,608	2,698	1,000	860,000	277,000	960,000	373,333
410,000	320,000	730,000	5,174	93,750	92,324	1,000	63,696	12,869	16,111	12,859	63,696	300,000	0,000	141426,420	141427,419	141429,470	141429,891	141430,190	141430,221	0,000	51266,420	51267,419	51269,470	51269,891	51270,191	51270,221	15,839	0,900	15,838	0,901	25,000	0,000	NaN	0,892	1,000	777,000	392,000	960,000	373,333
360,000	330,000	690,000	2,167	96,970	93,362	0,000	66,324	15,561	13,412	15,558	66,324	320,000	0,000	141434,815	141435,814	141439,400	141439,769	141440,089	141440,110	0,000	51274,815	51275,814	51279,401	51279,769	51280,089	51280,110	17,778	0,984	17,778	0,984	25,000	0,000	NaN	2,795	1,000	900,000	325,000	960,000	373,333
