3010,000	20,000	3030,000	25,427	0,000	0,000	0,000	8,255	0,000	28,970	0,000	8,255	0,000	0,000	151057,581	151058,581	151103,940	151106,953	151106,953	151106,982	0,000	54657,581	54658,581	54663,940	54666,953	54666,953	54666,982	0,000	0,000	0,000	0,000	25,000	0,000	NaN	NaN	1,000	56,000	386,000	960,000	373,333
520,000	910,000	1430,000	21,366	15,385	21,972	7,000	21,841	10,452	28,353	0,617	8,362	140,000	0,000	151111,487	151112,488	151116,061	151116,584	151116,724	151117,503	0,000	54671,487	54672,488	54676,061	54676,584	54676,724	54677,503	6,868	8,962	0,353	0,583	25,000	0,000	12,340	3,133	1,000	298,000	746,000	960,000	373,333
320,000	110,000	430,000	24,338	90,909	8,510	0,000	12,146	0,620	28,375	0,595	12,146	100,000	0,000	151123,024	151124,024	151127,581	151127,903	151128,003	151128,024	0,000	54683,024	54684,024	54687,581	54687,903	54688,003	54688,024	0,317	0,568	0,313	0,546	25,000	0,000	NaN	7,169	1,000	99,000	460,000	960,000	373,333
480,000	730,000	1210,000	22,467	19,178	35,823	12,000	20,336	13,137	25,295	3,675	20,117	140,000	0,000	151133,491	151134,491	151136,757	151137,244	151137,384	151137,983	0,000	54693,491	54694,491	54696,757	54697,244	54697,384	54697,983	6,161	11,813	2,729	3,060	25,000	0,000	28,741	28,333	1,000	316,000	846,000	960,000	373,333
320,000	570,000	890,000	15,393	24,561	47,577	4,000	36,907	14,830	26,388	2,582	30,612	140,000	0,000	151143,420	151144,421	151147,759	151148,083	151148,223	151148,663	0,000	54703,420	54704,421	54707,759	54708,083	54708,223	54708,663	12,319	10,014	3,533	1,349	25,000	0,000	18,828	18,467	1,000	562,000	749,000	960,000	373,333
400,000	840,000	1240,000	20,706	17,857	31,957	9,000	24,641	14,113	26,762	2,208	16,009	150,000	0,000	151153,180	151154,180	151158,692	151159,103	151159,253	151199,953	0,000	54713,180	54714,180	54718,692	54719,103	54719,253	54719,953	8,298	12,038	1,401	1,968	25,000	0,000	14,701	14,225	1,000	368,000	811,000	960,000	373,333
360,000	980,000	1340,000	17,637	16,327	34,833	11,000	33,521	18,274	25,592	3,378	21,262	160,000	0,000	151204,796	151205,797	151207,943	151208,313	151208,473	151209,304	0,000	54724,797	54725,797	54727,943	54728,313	54728,473	54729,304	13,980	13,613	3,107	2,637	25,000	0,000	23,921	23,459	1,000	567,000	862,000	960,000	373,333
500,000	680,000	1180,000	24,982	33,824	38,081	4,000	15,185	14,697	26,072	2,898	10,836	230,000	0,000	151215,192	151216,192	151220,697	151221,204	151221,434	151221,893	0,000	54735,192	54736,192	54740,697	54741,204	54741,434	54741,893	5,044	13,921	0,915	2,784	25,000	0,000	0,521	16,281	1,000	244,000	899,000	960,000	373,333
410,000	560,000	970,000	22,763	28,571	35,951	5,000	18,293	10,443	26,510	2,460	14,128	160,000	0,000	151228,002	151229,003	151233,004	151233,423	151233,583	151233,994	0,000	54748,002	54749,003	54753,004	54753,423	54753,583	54753,994	4,897	9,511	1,378	2,259	25,000	0,000	15,447	15,469	1,000	233,000	729,000	960,000	373,333
440,000	290,000	730,000	27,144	41,379	62,298	2,000	13,719	9,943	24,380	4,590	12,071	120,000	0,000	151238,793	151239,793	151244,357	151244,804	151244,924	151245,102	0,000	54758,793	54759,793	54764,357	54764,804	54764,924	54765,102	2,700	9,558	1,029	4,455	25,000	0,000	19,840	34,669	1,000	70,000	0,000	960,000	373,333
450,000	460,000	910,000	12,016	97,826	39,897	0,000	52,364	8,159	20,813	8,157	52,364	450,000	0,000	151250,209	151251,209	151256,514	151256,973	151257,423	151257,443	0,000	54770,209	54771,209	54776,514	54776,973	54777,423	54777,443	12,009	1,127	12,009	1,123	25,000	0,000	NaN	1,847	1,000	533,000	387,000	960,000	373,333
530,000	550,000	1080,000	12,353	45,455	56,303	4,000	44,744	10,918	19,681	9,289	45,099	250,000	0,000	151303,226	151304,227	151309,191	151309,722	151309,972	151310,284	0,000	54783,227	54784,227	54789,191	54789,722	54789,972	54790,284	11,447	5,288	10,356	4,424	25,000	0,000	47,038	47,064	1,000	556,000	201,000	960,000	373,333
320,000	540,000	860,000	4,777	59,259	45,631	2,000	59,920	15,166	19,129	9,841	57,442	320,000	0,000	151316,929	151317,929	151320,849	151321,174	151321,494	151321,723	0,000	54796,929	54797,929	54800,849	54801,174	54801,494	54801,723	18,795	2,534	13,619	1,529	25,000	0,000	22,390	34,784	1,000	827,000	479,000	960,000	373,333
330,000	650,000	980,000	9,939	23,077	40,144	5,000	48,976	13,365	26,400	2,570	33,528	150,000	0,000	151328,627	151329,627	151333,760	151334,095	151334,245	151334,753	0,000	54808,627	54809,627	54813,760	54814,095	54814,245	54814,753	14,962	5,345	3,728	1,149	25,000	0,000	18,541	18,374	1,000	677,000	585,000	960,000	373,333
390,000	680,000	1070,000	11,895	20,588	42,319	6,000	44,648	14,519	26,730	2,240	24,309	140,000	0,000	151343,717	151344,717	151347,605	151348,003	151348,144	151348,693	0,000	54823,717	54824,717	54827,605	54828,004	54828,144	54828,693	15,583	7,312	2,825	1,494	25,000	0,000	14,835	13,837	1,000	641,000	651,000	960,000	373,333
430,000	510,000	940,000	8,510	66,667	37,865	2,000	54,866	11,854	20,640	8,330	52,043	340,000	0,000	151353,208	151354,208	151358,555	151358,993	151359,333	151359,514	0,000	54833,208	54834,208	54838,555	54838,993	54839,333	54839,514	15,451	2,476	11,914	1,845	25,000	0,000	17,308	34,100	1,000	675,000	475,000	960,000	373,333
470,000	860,000	1330,000	6,442	45,349	45,599	6,000	58,589	13,688	18,023	10,947	58,918	390,000	0,000	151404,136	151405,136	151409,992	151410,464	151410,853	151411,334	0,000	54844,136	54845,136	54849,992	54850,464	54850,854	54851,334	17,720	2,167	15,429	1,305	25,000	0,000	33,526	34,603	1,000	746,000	455,000	960,000	373,333
440,000	540,000	980,000	6,656	25,926	60,159	4,000	55,713	15,796	26,097	2,873	33,669	140,000	0,000	151416,027	151417,027	151422,033	151422,484	151422,624	151423,033	0,000	54856,027	54857,027	54862,034	54862,484	54862,624	54863,033	19,378	4,334	4,589	1,330	25,000	0,000	10,037	20,414	1,000	792,000	540,000	960,000	373,333
350,000	640,000	990,000	4,934	48,437	46,261	2,000	61,375	15,011	20,785	8,185	55,298	310,000	0,000	151427,900	151428,901	151431,676	151432,035	151432,345	151432,682	0,000	54867,900	54868,901	54871,676	54872,035	54872,345	54872,683	19,634	1,776	12,388	1,270	25,000	0,000	36,698	38,430	1,000	799,000	443,000	960,000	373,333
390,000	740,000	1130,000	1,664	48,649	60,498	3,000	65,501	19,037	18,086	10,884	61,837	360,000	0,000	151440,353	151441,353	151444,034	151444,433	151444,793	151445,183	0,000	54880,354	54881,354	54884,034	54884,433	54884,793	54885,183	23,261	2,391	15,152	1,503	25,000	0,000	50,045	47,987	1,000	943,000	430,000	960,000	373,333
460,000	570,000	1030,000	1,997	98,246	63,028	0,000	65,583	18,849	10,120	18,850	65,583	560,000	0,000	151451,019	151452,019	151457,875	151458,344	151458,904	151458,923	0,000	54891,019	54892,020	54897,875	54898,344	54898,904	54898,923	23,822	1,632	23,823	1,630	25,000	0,000	NaN	6,773	1,000	978,000	442,000	960,000	373,333
440,000	870,000	1310,000	7,549	41,379	72,929	3,000	62,720	25,323	18,796	10,174	53,959	360,000	0,000	151505,141	151506,141	151510,291	151510,735	151511,095	151511,613	0,000	54905,141	54906,141	54910,291	54910,735	54911,095	54911,613	29,756	5,963	14,456	2,926	25,000	0,000	50,911	49,437	1,000	1143,000	177,000	960,000	373,333
480,000	660,000	1140,000	8,283	50,000	82,703	4,000	59,586	24,662	12,795	16,175	57,476	330,000	0,000	151517,655	151518,655	151521,317	151521,802	151522,132	151522,473	0,000	54917,655	54918,655	54921,317	54921,802	54922,132	54922,473	26,747	7,595	18,802	5,532	25,000	0,000	68,056	65,819	1,000	1105,000	117,000	960,000	373,333
430,000	630,000	1060,000	3,448	20,635	52,242	4,000	61,076	17,433	27,285	1,685	36,680	130,000	0,000	151533,237	151534,237	151539,814	151540,253	151540,383	151540,894	0,000	54933,237	54934,237	54939,814	54940,254	54940,384	54940,894	21,377	3,122	3,719	0,124	25,000	0,000	8,063	13,781	1,000	894,000	270,000	960,000	373,333
400,000	950,000	1350,000	7,918	54,737	68,588	4,000	68,801	26,403	10,497	18,473	67,012	520,000	0,000	151546,047	151547,047	151551,370	151551,774	151552,294	151552,733	0,000	54946,047	54947,047	54951,370	54951,774	54952,294	54952,733	32,036	2,925	24,251	2,369	25,000	0,000	55,797	55,053	1,000	1231,000	297,000	960,000	373,333
400,000	960,000	1360,000	2,952	54,167	46,087	5,000	64,943	20,899	18,109	10,861	56,821	520,000	0,000	151557,291	151558,291	151602,106	151602,514	151603,034	151603,483	0,000	54957,291	54958,291	54962,106	54962,514	54963,034	54963,483	26,074	2,985	15,406	2,289	25,000	0,000	36,803	36,513	1,000	1008,000	280,000	960,000	373,333
380,000	690,000	1070,000	1,994	63,768	51,440	2,000	64,186	16,582	19,028	9,942	60,309	440,000	0,000	151609,107	151610,107	151613,426	151613,815	151614,255	151614,513	0,000	54969,107	54970,107	54973,426	54973,815	54974,255	54974,513	21,909	1,270	15,181	0,737	25,000	0,000	31,276	38,467	1,000	891,000	357,000	960,000	373,333
30,000	1020,000	1050,000	2,361	19,608	53,509	4,000	64,628	19,777	28,912	0,057	12,213	200,000	0,000	151621,009	151622,009	151624,008	151624,209	151624,409	151625,234	0,000	54981,009	54982,009	54984,009	54984,209	54984,409	54985,234	25,201	2,730	0,132	0,038	25,000	0,000	4,566	0,050	1,000	970,000	290,000	960,000	373,333
420,000	660,000	1080,000	6,186	40,909	55,340	4,000	55,949	17,455	23,461	5,509	42,215	270,000	0,000	151630,707	151631,707	151636,098	151636,522	151636,792	151637,192	0,000	54990,707	54991,707	54996,098	54996,522	54996,792	54997,192	20,476	5,372	7,812	2,264	25,000	0,000	23,263	27,029	1,000	837,000	191,000	960,000	373,333
360,000	660,000	1020,000	6,309	27,273	37,550	4,000	58,856	13,254	27,104	1,866	36,772	180,000	0,000	151642,172	151643,173	151645,375	151645,745	151645,925	151646,414	0,000	55002,173	55003,173	55005,375	55005,745	55005,925	55006,414	16,852	2,138	3,553	0,321	25,000	0,000	1,229	10,961	1,000	748,000	300,000	960,000	373,333
400,000	700,000	1100,000	2,711	28,571	51,917	4,000	67,435	19,315	25,892	3,078	46,003	200,000	0,000	151651,074	151652,075	151657,079	151657,484	151657,684	151658,193	0,000	55011,074	55012,075	55017,079	55017,484	55017,684	55018,193	23,654	1,744	5,792	0,209	25,000	0,000	14,432	18,656	1,000	963,000	277,000	960,000	373,333
510,000	670,000	1180,000	2,738	44,776	48,868	4,000	64,937	18,942	21,682	7,288	54,831	300,000	0,000	151703,756	151704,756	151710,384	151710,903	151711,203	151711,583	0,000	55023,756	55024,756	55030,384	55030,903	55031,203	55031,583	22,812	2,505	10,537	1,214	25,000	0,000	23,130	34,163	1,000	958,000	276,000	960,000	373,333
360,000	690,000	1050,000	3,617	21,739	46,941	4,000	62,608	16,266	27,768	1,202	29,968	150,000	0,000	151720,419	151721,419	151724,855	151725,224	151725,374	151725,924	0,000	55040,419	55041,419	55044,855	55045,224	55045,374	55045,924	21,071	2,026	2,871	0,220	25,000	0,000	7,218	8,941	1,000	853,000	302,000	960,000	373,333
580,000	20,000	600,000	24,469	0,000	0,000	0,000	13,490	0,000	28,970	0,000	13,490	0,000	0,000	151731,718	151732,718	151735,336	151735,923	151735,923	151735,954	0,000	55051,718	55052,719	55055,336	55055,923	55055,923	55055,954	0,000	0,000	0,000	0,000	25,000	0,000	NaN	NaN	1,000	90,000	371,000	960,000	373,333
400,000	860,000	1260,000	3,350	19,767	51,521	8,000	65,754	21,653	27,655	1,315	28,506	170,000	0,000	151742,025	151743,026	151748,362	151748,764	151748,934	151749,633	0,000	55062,025	55063,026	55068,362	55068,764	55068,934	55069,633	27,367	2,531	3,173	0,314	25,000	0,000	6,230	8,581	1,000	1066,000	319,000	960,000	373,333
350,000	660,000	1010,000	2,194	75,758	44,651	2,000	66,740	17,045	14,969	14,001	66,948	500,000	0,000	151755,940	151756,940	151759,556	151759,913	151760,413	151800,584	0,000	55075,940	55076,940	55079,556	55079,913	55080,413	55080,584	21,744	1,015	18,930	0,793	25,000	0,000	20,573	35,265	1,000	898,000	326,000	960,000	373,333
390,000	650,000	1040,000	2,702	36,923	50,183	4,000	64,137	18,210	25,257	3,713	42,972	240,000	0,000	151805,850	151806,850	151809,709	151810,103	151810,343	151810,763	0,000	55085,850	55086,850	55089,709	55090,103	55090,343	55090,763	23,459	2,224	7,091	0,708	25,000	0,000	3,908	19,894	1,000	920,000	286,000	960,000	373,333
350,000	870,000	1220,000	0,822	36,782	60,707	7,000	65,970	18,042	18,507	10,462	62,448	320,000	0,000	151816,967	151817,967	151823,483	151823,842	151824,162	151824,723	0,000	55096,967	55097,967	55103,483	55103,842	55104,162	55104,723	22,981	1,350	15,384	0,813	25,000	0,000	51,870	49,700	1,000	936,000	390,000	960,000	373,333
370,000	750,000	1120,000	2,198	20,000	42,235	7,000	66,364	16,894	27,364	1,606	32,359	150,000	0,000	151830,992	151831,993	151837,043	151837,424	151837,573	151838,183	0,000	55110,992	55111,993	55117,043	55117,424	55117,574	55118,183	22,303	0,986	3,631	0,387	25,000	0,000	12,336	10,913	1,000	882,000	378,000	960,000	373,333
470,000	620,000	1090,000	2,230	77,419	54,208	2,000	65,290	16,795	14,082	14,887	66,043	480,000	0,000	151844,056	151845,056	151847,293	151847,772	151848,252	151848,402	0,000	55124,056	55125,056	55127,293	55127,772	55128,252	55128,402	22,107	1,069	20,495	0,872	25,000	0,000	31,813	39,333	1,000	889,000	338,000	960,000	373,333
30,000	20,000	50,000	23,748	0,000	0,000	0,000	20,839	0,000	28,970	0,000	20,839	0,000	0,000	151855,322	151856,322	151859,457	151859,658	151859,658	151859,684	0,000	55135,322	55136,322	55139,458	55139,658	55139,658	55139,684	0,000	0,000	0,000	0,000	25,000	0,000	NaN	NaN	1,000	118,000	310,000	960,000	373,333
400,000	720,000	1120,000	1,966	36,111	42,920	4,000	65,727	18,060	24,885	4,085	48,150	260,000	0,000	151907,382	151908,383	151912,387	151912,793	151913,053	151913,523	0,000	55147,382	55148,383	55152,387	55152,793	55153,053	55153,523	22,673	1,662	7,302	0,316	25,000	0,000	4,020	17,900	1,000	938,000	307,000	960,000	373,333
450,000	890,000	1340,000	1,777	26,966	47,158	8,000	67,484	20,316	25,989	2,981	43,408	240,000	0,000	151918,031	151919,031	151921,516	151921,973	151922,214	151922,874	0,000	55158,031	55159,031	55161,516	55161,974	55162,214	55162,874	25,595	1,632	6,157	0,222	25,000	0,000	15,882	17,131	1,000	1006,000	330,000	960,000	373,333
360,000	680,000	1040,000	1,392	20,588	55,404	2,000	67,177	18,727	27,584	1,386	35,532	140,000	0,000	151927,387	151928,387	151933,419	151933,783	151933,923	151934,473	0,000	55167,387	55168,387	55173,419	55173,783	55173,923	55174,473	23,289	1,406	3,020	0,123	25,000	0,000	3,668	10,503	1,000	956,000	324,000	960,000	373,333
240,000	820,000	1060,000	1,162	60,976	49,617	4,000	66,111	18,684	20,053	8,917	60,153	500,000	0,000	151939,108	151940,108	151943,109	151943,353	151943,853	151944,183	0,000	55179,108	55180,108	55183,109	55183,353	55183,853	55184,183	24,134	1,776	14,197	0,662	25,000	0,000	17,487	33,095	1,000	937,000	339,000	960,000	373,333
290,000	820,000	1110,000	2,060	68,293	53,189	2,000	69,892	20,726	15,754	13,216	68,057	560,000	0,000	151948,848	151949,848	151954,332	151954,624	151955,184	151955,453	0,000	55188,848	55189,848	55194,332	55194,624	55195,184	55195,453	25,595	1,464	18,251	0,882	25,000	0,000	32,288	39,334	1,000	995,000	309,000	960,000	373,333
330,000	750,000	1080,000	4,777	34,667	45,863	5,000	66,420	14,941	26,193	2,777	45,718	260,000	0,000	152002,330	152003,331	152007,983	152008,324	152008,584	152009,084	0,000	55202,330	55203,331	55207,983	55208,324	55208,584	55209,084	18,426	1,159	4,692	0,404	25,000	0,000	10,166	14,334	1,000	795,000	333,000	960,000	373,333
30,000	20,000	50,000	24,419	0,000	0,000	0,000	15,876	0,000	28,970	0,000	15,876	0,000	0,000	152015,498	152016,498	152019,409	152019,610	152019,610	152019,634	0,000	55215,498	55216,498	55219,409	55219,610	55219,610	55219,634	0,000	0,000	0,000	0,000	25,000	0,000	NaN	NaN	1,000	93,000	327,000	960,000	373,333
410,000	710,000	1120,000	1,879	39,437	52,782	4,000	69,378	18,803	23,753	5,217	54,296	280,000	0,000	152026,086	152027,085	152031,647	152032,063	152032,343	152032,784	0,000	55226,086	55227,085	55231,647	55232,063	55232,343	55232,784	22,417	1,154	7,727	0,509	25,000	0,000	20,917	21,397	1,000	952,000	307,000	960,000	373,333
400,000	760,000	1160,000	6,314	56,579	33,202	4,000	57,733	13,566	19,106	9,864	54,462	430,000	0,000	152059,166	152100,166	152105,040	152105,443	152105,873	152106,212	0,000	55259,166	55260,166	55265,040	55265,444	55265,874	55266,213	17,889	2,194	13,967	1,917	25,000	0,000	25,357	25,167	1,000	763,000	481,000	960,000	373,333
420,000	580,000	1000,000	2,568	81,034	64,726	2,000	66,510	20,169	10,032	18,937	67,587	470,000	0,000	152110,718	152111,718	152115,808	152116,233	152116,703	152116,823	0,000	55270,718	55271,718	55275,808	55276,233	55276,703	55276,823	24,637	2,056	23,743	1,776	25,000	0,000	27,144	40,411	1,000	1017,000	302,000	960,000	373,333
450,000	620,000	1070,000	3,293	40,323	59,351	4,000	65,346	20,679	22,332	6,638	51,398	250,000	0,000	152121,936	152122,936	152128,697	152129,156	152129,406	152129,783	0,000	55281,936	55282,936	55288,697	55289,156	55289,406	55289,784	25,088	2,758	9,880	1,544	25,000	0,000	29,410	35,428	1,000	1022,000	274,000	960,000	373,333
510,000	600,000	1110,000	2,495	73,333	65,802	2,000	63,875	19,848	11,639	17,330	63,889	440,000	0,000	152135,611	152136,611	152139,014	152139,533	152139,973	152140,142	0,000	55295,611	55296,612	55299,014	55299,533	55299,973	55300,143	24,018	3,039	21,759	2,742	25,000	0,000	33,866	42,399	1,000	993,000	291,000	960,000	373,333
350,000	560,000	910,000	5,687	73,214	53,472	2,000	60,546	15,180	17,058	11,912	60,326	410,000	0,000	152146,269	152147,269	152151,030	152151,384	152151,794	152151,953	0,000	55306,269	55307,269	55311,030	55311,384	55311,794	55311,953	19,526	2,535	16,599	1,880	25,000	0,000	24,050	42,737	1,000	788,000	267,000	960,000	373,333
400,000	640,000	1040,000	3,299	21,875	50,241	4,000	63,010	16,517	27,652	1,318	32,468	140,000	0,000	152157,853	152158,853	152201,768	152202,174	152202,313	152202,823	0,000	55317,853	55318,853	55321,768	55322,174	55322,314	55322,823	21,066	2,086	3,073	0,176	25,000	0,000	7,558	8,631	1,000	860,000	312,000	960,000	373,333
380,000	750,000	1130,000	3,451	60,000	53,893	2,000	65,379	18,513	15,689	13,281	65,101	450,000	0,000	152208,129	152209,128	152211,771	152212,153	152212,603	152212,913	0,000	55328,129	55329,128	55331,771	55332,153	55332,603	55332,913	22,980	2,306	18,152	1,367	25,000	0,000	45,819	44,712	1,000	921,000	257,000	960,000	373,333
260,000	890,000	1150,000	5,201	69,663	53,452	4,000	58,331	18,856	12,210	16,760	57,689	620,000	0,000	152218,000	152219,000	152222,627	152222,893	152223,513	152223,793	0,000	55338,000	55339,000	55342,627	55342,893	55343,513	55343,793	22,697	5,148	20,721	4,808	25,000	0,000	28,709	28,191	1,000	888,000	203,000	960,000	373,333
500,000	710,000	1210,000	2,719	38,028	49,786	4,000	64,768	17,570	24,771	4,199	44,578	270,000	0,000	152229,103	152230,102	152232,967	152233,473	152233,743	152234,193	0,000	55349,103	55350,102	55352,967	55353,473	55353,743	55354,193	22,277	1,857	7,069	0,821	25,000	0,000	12,171	19,391	1,000	902,000	296,000	960,000	373,333
420,000	670,000	1090,000	3,451	47,761	49,448	4,000	61,050	17,042	21,878	7,092	53,054	320,000	0,000	152238,696	152239,696	152243,884	152244,313	152244,633	152244,993	0,000	55358,696	55359,696	55363,884	55364,313	55364,633	55364,993	20,928	3,010	10,721	1,152	25,000	0,000	23,242	32,492	1,000	884,000	277,000	960,000	373,333
410,000	840,000	1250,000	4,857	19,048	54,565	7,000	62,292	20,251	27,128	1,842	34,119	160,000	0,000	152250,800	152251,800	152257,468	152257,884	152258,044	152258,734	0,000	55370,800	55371,800	55377,468	55377,884	55378,044	55378,734	23,344	4,445	2,861	0,686	25,000	0,000	11,740	11,191	1,000	971,000	201,000	960,000	373,333
