470,000	960,000	1430,000	21,423	19,792	23,078	11,000	21,132	7,679	25,973	2,997	21,695	190,000	0,000	140853,002	140854,001	140858,633	140859,106	140859,296	140900,075	0,000	50933,002	50934,001	50938,633	50939,106	50939,296	50940,075	4,324	6,660	2,698	2,312	25,000	0,000	10,711	11,946	1,000	236,000	610,000	960,000	373,333
1030,000	110,000	1140,000	22,950	90,909	1,811	0,000	16,631	0,125	28,847	0,123	16,631	100,000	0,000	140905,677	140906,678	140911,885	140912,926	140913,026	140913,046	0,000	50945,677	50946,678	50951,885	50952,926	50953,026	50953,046	0,028	0,114	0,028	0,111	25,000	0,000	NaN	1,622	1,000	161,000	539,000	960,000	373,333
460,000	220,000	680,000	21,102	95,455	29,591	0,000	24,038	3,571	25,400	3,570	24,038	210,000	0,000	140919,556	140920,555	140924,807	140925,275	140925,485	140925,505	0,000	50959,556	50960,555	50964,807	50965,275	50965,485	50965,505	2,507	2,787	2,509	2,786	25,000	0,000	NaN	8,474	1,000	219,000	491,000	960,000	373,333
400,000	480,000	880,000	10,661	77,083	56,550	2,000	52,273	11,721	17,400	11,570	52,271	370,000	0,000	140931,343	140932,343	140935,337	140935,746	140936,116	140936,236	0,000	50971,344	50972,343	50975,337	50975,746	50976,116	50976,236	14,092	3,403	13,983	3,349	25,000	0,000	4,060	4,561	1,000	601,000	495,000	960,000	373,333
470,000	500,000	970,000	3,349	98,000	68,383	0,000	62,503	16,407	12,564	16,406	62,503	490,000	0,000	140943,492	140944,492	140946,756	140947,236	140947,726	140947,746	0,000	50983,492	50984,492	50986,757	50987,236	50987,726	50987,746	19,438	2,506	19,439	2,506	25,000	0,000	NaN	4,349	1,000	878,000	287,000	960,000	373,333
540,000	890,000	1430,000	4,339	44,944	65,701	5,000	65,585	21,611	11,975	16,995	64,189	400,000	0,000	140953,964	140954,964	141000,518	141001,065	141001,465	141001,968	0,000	50993,964	50994,964	51000,518	51001,065	51001,465	51001,968	25,522	3,209	20,965	2,867	25,000	0,000	39,509	41,961	1,000	1054,000	251,000	960,000	373,333
30,000	140,000	170,000	24,976	92,857	0,251	0,000	11,339	0,016	28,954	0,016	11,339	130,000	0,000	141008,688	141009,689	141015,270	141015,471	141015,601	141015,616	0,000	51008,689	51009,689	51015,270	51015,471	51015,601	51015,616	0,058	0,000	0,057	0,000	25,000	0,000	NaN	0,001	1,000	72,000	379,000	960,000	373,333
590,000	840,000	1430,000	9,656	76,190	87,355	4,000	64,141	27,229	1,966	27,004	64,109	640,000	0,000	141023,498	141024,498	141029,161	141029,758	141030,398	141030,606	0,000	51023,498	51024,498	51029,161	51029,758	51030,398	51030,606	30,508	6,384	30,275	6,354	25,000	0,000	0,513	0,218	1,000	1210,000	138,000	960,000	373,333
540,000	670,000	1210,000	6,600	59,701	74,302	4,000	59,635	19,711	10,553	18,417	60,179	400,000	0,000	141035,418	141036,419	141041,187	141041,736	141042,136	141042,416	0,000	51035,418	51036,419	51041,187	51041,736	51042,136	51042,416	21,826	5,597	20,860	5,164	25,000	0,000	41,384	41,859	1,000	898,000	147,000	960,000	373,333
340,000	760,000	1100,000	14,595	17,105	19,423	10,000	46,255	6,127	27,873	1,097	29,893	130,000	0,000	141048,052	141049,052	141053,007	141053,356	141053,486	141054,125	0,000	51048,052	51049,052	51053,007	51053,356	51053,486	51054,125	9,030	1,294	2,520	0,181	25,000	0,000	6,223	7,902	1,000	443,000	418,000	960,000	373,333
410,000	630,000	1040,000	1,811	41,270	48,178	4,000	62,983	19,153	21,036	7,934	55,743	260,000	0,000	141100,112	141101,112	141105,690	141106,106	141106,366	141106,746	0,000	51060,113	51061,112	51065,690	51066,106	51066,366	51066,746	22,248	3,544	10,933	1,206	25,000	0,000	26,124	31,463	1,000	957,000	309,000	960,000	373,333
390,000	760,000	1150,000	3,375	56,579	58,881	4,000	60,800	17,493	15,067	13,902	59,869	430,000	0,000	141112,422	141113,422	141116,547	141116,946	141117,376	141117,716	0,000	51072,422	51073,422	51076,547	51076,946	51077,376	51077,716	21,492	3,516	18,138	2,622	25,000	0,000	11,895	17,715	1,000	865,000	300,000	960,000	373,333
350,000	900,000	1250,000	10,003	47,778	80,622	6,000	66,764	28,544	7,928	21,042	64,886	430,000	0,000	141122,335	141123,334	141127,020	141127,375	141127,805	141128,285	0,000	51082,335	51083,334	51087,020	51087,376	51087,806	51088,285	32,063	5,232	24,711	4,026	25,000	0,000	35,759	35,380	1,000	1300,000	269,000	960,000	373,333
400,000	570,000	970,000	1,822	71,930	51,699	2,000	64,391	17,033	14,386	14,583	64,079	410,000	0,000	141133,084	141134,084	141137,949	141138,357	141138,767	141138,936	0,000	51093,084	51094,084	51097,949	51098,357	51098,767	51098,936	21,065	1,661	18,769	1,503	25,000	0,000	17,494	28,158	1,000	918,000	324,000	960,000	373,333
370,000	810,000	1180,000	3,859	58,025	58,158	2,000	65,641	22,272	11,646	17,324	65,017	470,000	0,000	141144,242	141145,242	141149,898	141150,275	141150,745	141151,096	0,000	51104,243	51105,242	51109,898	51110,275	51110,745	51111,096	26,747	3,320	22,086	2,648	25,000	0,000	44,945	44,243	1,000	1069,000	290,000	960,000	373,333
360,000	810,000	1170,000	3,511	29,630	45,184	6,000	61,408	17,199	26,750	2,219	35,262	240,000	0,000	141157,907	141158,908	141204,540	141204,905	141205,146	141205,726	0,000	51117,907	51118,908	51124,540	51124,906	51125,146	51125,726	22,164	2,925	4,990	0,423	25,000	0,000	13,643	14,000	1,000	862,000	296,000	960,000	373,333
480,000	570,000	1050,000	4,889	59,649	81,754	2,000	68,286	22,138	11,667	17,303	68,239	340,000	0,000	141211,910	141212,909	141215,884	141216,366	141216,706	141216,945	0,000	51131,910	51132,909	51135,885	51136,366	51136,706	51136,945	26,497	1,691	21,973	1,393	25,000	0,000	56,299	61,630	1,000	1125,000	428,000	960,000	373,333
340,000	860,000	1200,000	0,614	37,209	47,634	4,000	64,046	20,109	20,774	8,196	54,988	320,000	0,000	141223,521	141224,523	141229,630	141229,976	141230,296	141230,846	0,000	51143,521	51144,523	51149,630	51149,976	51150,296	51150,846	24,836	3,178	12,509	1,417	25,000	0,000	37,848	39,063	1,000	978,000	361,000	960,000	373,333
330,000	770,000	1100,000	1,181	41,558	48,700	4,000	65,813	19,293	20,406	8,564	57,505	320,000	0,000	141235,850	141236,850	141240,681	141241,015	141241,335	141241,796	0,000	51155,850	51156,850	51160,681	51161,015	51161,335	51161,796	23,936	1,856	12,654	1,021	25,000	0,000	40,972	40,325	1,000	994,000	398,000	960,000	373,333
410,000	670,000	1080,000	1,035	47,761	50,646	2,000	63,830	17,937	21,315	7,654	54,579	320,000	0,000	141247,155	141248,156	141252,693	141253,106	141253,426	141253,786	0,000	51167,156	51168,156	51172,693	51173,106	51173,426	51173,786	22,501	2,166	11,576	1,208	25,000	0,000	33,343	35,891	1,000	930,000	352,000	960,000	373,333
320,000	880,000	1200,000	0,723	36,364	55,699	5,000	64,162	18,588	21,630	7,340	56,030	320,000	0,000	141300,724	141301,725	141304,494	141304,815	141305,135	141305,706	0,000	51180,724	51181,725	51184,494	51184,815	51185,135	51185,706	23,148	2,362	11,544	0,904	25,000	0,000	40,747	39,021	1,000	950,000	397,000	960,000	373,333
390,000	1040,000	1430,000	9,577	43,269	32,269	6,000	56,246	9,731	20,541	8,429	55,450	450,000	0,000	141311,710	141312,711	141315,984	141316,375	141316,825	141317,425	0,000	51191,711	51192,711	51195,984	51196,375	51196,825	51197,425	13,498	1,041	12,241	0,699	25,000	0,000	5,057	6,107	1,000	620,000	392,000	960,000	373,333
340,000	750,000	1090,000	1,016	17,333	50,997	6,000	65,574	19,519	27,309	1,661	32,739	130,000	0,000	141322,848	141323,848	141327,263	141327,605	141327,735	141328,366	0,000	51202,848	51203,848	51207,263	51207,605	51207,735	51208,366	24,273	2,197	3,154	0,493	25,000	0,000	6,397	12,881	1,000	982,000	402,000	960,000	373,333
420,000	640,000	1060,000	1,904	98,437	62,807	0,000	66,142	20,571	8,399	20,571	66,142	630,000	0,000	141337,721	141338,720	141343,923	141344,346	141344,976	141344,996	0,000	51217,721	51218,720	51223,923	51224,346	51224,976	51224,996	25,117	2,393	25,116	2,395	25,000	0,000	NaN	8,253	1,000	1020,000	342,000	960,000	373,333
480,000	950,000	1430,000	4,754	30,526	28,334	6,000	60,517	14,703	22,588	6,382	50,011	290,000	0,000	141353,249	141354,250	141356,921	141357,405	141357,696	141358,366	0,000	51233,249	51234,250	51236,922	51237,406	51237,696	51238,366	18,309	2,251	9,187	1,121	25,000	0,000	23,523	24,335	1,000	801,000	316,000	960,000	373,333
280,000	830,000	1110,000	2,720	56,627	60,815	2,000	66,972	21,778	14,513	14,457	65,113	470,000	0,000	141404,151	141405,151	141407,354	141407,636	141408,106	141408,476	0,000	51244,151	51245,151	51247,354	51247,636	51248,106	51248,476	27,229	2,448	20,150	1,527	25,000	0,000	45,108	49,956	1,000	1054,000	396,000	960,000	373,333
390,000	700,000	1090,000	1,901	70,000	60,323	4,000	64,438	19,875	10,730	18,240	64,965	490,000	0,000	141413,835	141414,834	141420,146	141420,546	141421,036	141421,255	0,000	51253,835	51254,834	51260,146	51260,546	51261,036	51261,255	24,893	2,644	23,519	2,448	25,000	0,000	36,391	38,280	1,000	973,000	307,000	960,000	373,333
500,000	870,000	1370,000	1,609	16,092	60,012	6,000	64,700	20,332	27,725	1,245	30,793	140,000	0,000	141429,007	141430,008	141434,566	141435,075	141435,215	141435,955	0,000	51269,007	51270,008	51274,566	51275,075	51275,215	51275,955	24,977	2,869	2,692	0,308	25,000	0,000	8,475	9,057	1,000	1005,000	338,000	960,000	373,333
400,000	590,000	990,000	1,311	67,797	63,188	2,000	66,428	19,105	13,121	15,849	66,478	400,000	0,000	141440,810	141441,810	141447,752	141448,156	141448,556	141448,756	0,000	51280,810	51281,810	51287,752	51288,156	51288,556	51288,756	23,821	1,463	20,805	1,294	25,000	0,000	45,246	49,182	1,000	997,000	345,000	960,000	373,333
370,000	850,000	1220,000	3,968	32,941	59,780	4,000	58,615	16,719	19,319	9,650	56,072	280,000	0,000	141455,038	141456,039	141501,231	141501,607	141501,887	141502,466	0,000	51295,038	51296,039	51301,232	51301,607	51301,887	51302,466	19,577	4,136	12,995	2,139	25,000	0,000	51,565	51,027	1,000	836,000	306,000	960,000	373,333
390,000	1040,000	1430,000	2,056	37,500	39,287	6,000	61,398	17,602	20,775	8,195	55,881	390,000	0,000	141508,024	141509,024	141512,911	141513,306	141513,696	141514,355	0,000	51308,024	51309,025	51312,912	51313,306	51313,696	51314,355	23,279	2,700	13,909	0,591	25,000	0,000	32,617	32,982	1,000	907,000	323,000	960,000	373,333
320,000	550,000	870,000	2,780	40,000	99,289	4,000	60,849	21,004	16,796	12,173	60,345	220,000	0,000	141519,627	141520,627	141523,713	141524,035	141524,255	141524,596	0,000	51319,627	51320,627	51323,713	51324,035	51324,255	51324,596	23,851	5,148	15,977	2,744	25,000	0,000	80,875	82,036	1,000	966,000	472,000	960,000	373,333
370,000	560,000	930,000	2,171	94,643	82,071	1,000	68,303	20,576	8,432	20,538	68,303	530,000	0,000	141529,134	141530,135	141535,742	141536,116	141536,646	141536,686	0,000	51329,135	51330,135	51335,742	51336,116	51336,646	51336,686	25,092	1,382	25,079	1,366	25,000	0,000	NaN	0,550	1,000	1031,000	343,000	960,000	373,333
350,000	480,000	830,000	2,665	93,750	100,729	1,000	64,686	20,361	8,659	20,311	64,686	450,000	0,000	141541,320	141542,321	141544,921	141545,275	141545,725	141545,766	0,000	51341,320	51342,321	51344,921	51345,275	51345,725	51345,766	24,532	3,018	24,523	2,993	25,000	0,000	NaN	4,673	1,000	969,000	279,000	960,000	373,333
450,000	490,000	940,000	3,748	97,959	63,529	0,000	64,100	14,669	14,302	14,668	64,100	480,000	0,000	141550,299	141551,300	141555,214	141555,666	141556,146	141556,166	0,000	51350,299	51351,300	51355,214	51355,666	51356,146	51356,166	18,424	0,984	18,424	0,985	25,000	0,000	NaN	5,252	1,000	830,000	344,000	960,000	373,333
370,000	570,000	940,000	1,973	38,596	73,665	2,000	66,167	20,021	21,285	7,685	59,057	220,000	0,000	141602,266	141603,266	141606,667	141607,047	141607,267	141607,625	0,000	51362,266	51363,266	51366,667	51367,047	51367,267	51367,625	24,697	1,832	12,156	0,488	25,000	0,000	40,650	48,793	1,000	1030,000	369,000	960,000	373,333
370,000	490,000	860,000	0,679	51,020	82,469	3,000	66,491	19,307	14,777	14,193	68,986	250,000	0,000	141612,156	141613,156	141616,736	141617,118	141617,368	141617,616	0,000	51372,156	51373,156	51376,736	51377,118	51377,368	51377,616	23,432	1,919	19,137	0,684	25,000	0,000	70,454	77,615	1,000	947,000	353,000	960,000	373,333
280,000	560,000	840,000	0,261	82,143	96,564	2,000	67,626	18,716	10,290	18,680	67,655	460,000	0,000	141622,505	141623,506	141627,470	141627,757	141628,217	141628,326	0,000	51382,505	51383,506	51387,470	51387,757	51388,217	51388,326	23,345	0,956	23,321	0,928	25,000	0,000	1,316	0,837	1,000	969,000	371,000	960,000	373,333
360,000	690,000	1050,000	1,972	50,725	92,252	5,000	64,222	16,243	13,062	15,908	64,307	350,000	0,000	141634,939	141635,940	141639,957	141640,326	141640,676	141641,026	0,000	51394,939	51395,940	51399,958	51400,326	51400,676	51401,026	18,900	1,716	18,645	1,496	25,000	0,000	1,726	1,268	1,000	895,000	347,000	960,000	373,333
460,000	600,000	1060,000	10,630	61,667	56,699	4,000	49,576	10,497	18,641	10,329	49,810	370,000	0,000	141645,566	141646,566	141648,630	141649,096	141649,466	141649,707	0,000	51405,566	51406,566	51408,630	51409,096	51409,466	51409,707	11,784	3,573	11,721	3,401	25,000	0,000	0,655	0,010	1,000	608,000	511,000	960,000	373,333
340,000	610,000	950,000	3,218	70,492	107,896	2,000	67,096	21,342	7,890	21,080	67,283	430,000	0,000	141654,243	141655,244	141700,677	141701,026	141701,456	141701,645	0,000	51414,243	51415,244	51420,677	51421,026	51421,456	51421,645	25,426	2,278	25,234	2,065	25,000	0,000	0,247	0,016	1,000	1047,000	299,000	960,000	373,333
350,000	460,000	810,000	10,671	76,087	60,801	3,000	49,896	12,717	17,007	11,962	50,223	350,000	0,000	141706,337	141707,338	141711,694	141712,046	141712,396	141712,515	0,000	51426,337	51427,338	51431,694	51432,046	51432,396	51432,515	15,614	4,537	15,139	3,982	25,000	0,000	19,245	27,769	1,000	602,000	499,000	960,000	373,333
350,000	630,000	980,000	1,969	38,095	86,073	4,000	67,805	20,924	17,994	10,976	66,924	240,000	0,000	141717,365	141718,365	141723,375	141723,728	141723,968	141724,366	0,000	51437,365	51438,365	51443,375	51443,728	51443,968	51444,366	24,330	2,393	14,878	1,113	25,000	0,000	63,791	65,230	1,000	1027,000	353,000	960,000	373,333
440,000	520,000	960,000	1,141	92,308	84,313	1,000	64,627	17,571	11,421	17,549	64,734	480,000	0,000	141729,616	141730,616	141734,576	141735,026	141735,506	141735,556	0,000	51449,616	51450,616	51454,576	51455,026	51455,506	51455,556	21,039	2,025	21,022	2,025	25,000	0,000	0,191	0,216	1,000	924,000	392,000	960,000	373,333
380,000	590,000	970,000	3,200	89,831	94,011	1,000	67,720	21,447	7,549	21,421	67,701	530,000	0,000	141741,765	141742,764	141748,467	141748,855	141749,385	141749,456	0,000	51461,765	51462,764	51468,467	51468,855	51469,385	51469,456	26,467	1,716	26,438	1,715	25,000	0,000	0,243	0,440	1,000	1067,000	412,000	960,000	373,333
370,000	420,000	790,000	1,765	95,238	104,624	1,000	67,451	19,852	9,127	19,843	67,451	400,000	0,000	141753,995	141754,994	141800,708	141801,085	141801,485	141801,517	0,000	51473,995	51474,994	51480,708	51481,085	51481,485	51481,517	23,403	1,886	23,404	1,877	25,000	0,000	NaN	2,676	1,000	1020,000	355,000	960,000	373,333
410,000	790,000	1200,000	2,188	31,646	93,233	7,000	66,518	18,974	13,047	15,923	67,697	250,000	0,000	141806,059	141807,059	141811,398	141811,815	141812,065	141812,616	0,000	51486,059	51487,059	51491,398	51491,815	51492,065	51492,616	22,108	1,858	19,526	1,417	25,000	0,000	65,628	65,550	1,000	991,000	302,000	960,000	373,333
420,000	580,000	1000,000	2,049	46,552	80,436	4,000	65,878	19,007	14,652	14,318	66,121	270,000	0,000	141817,157	141818,157	141820,963	141821,385	141821,655	141821,976	0,000	51497,157	51498,157	51500,963	51501,385	51501,655	51501,976	22,980	1,997	18,693	1,393	25,000	0,000	59,304	60,447	1,000	996,000	310,000	960,000	373,333
340,000	600,000	940,000	4,034	48,333	99,690	4,000	66,891	21,965	11,823	17,146	67,082	290,000	0,000	141828,653	141829,653	141833,177	141833,526	141833,816	141834,135	0,000	51508,653	51509,653	51513,177	51513,526	51513,816	51514,135	26,947	2,391	22,517	2,175	25,000	0,000	80,434	81,134	1,000	1085,000	303,000	960,000	373,333
420,000	550,000	970,000	2,748	98,182	97,283	0,000	64,775	20,400	8,570	20,400	64,775	540,000	0,000	141838,659	141839,660	141845,025	141845,455	141845,995	141846,016	0,000	51518,659	51519,660	51525,025	51525,455	51525,995	51526,017	23,963	3,067	23,964	3,064	25,000	0,000	NaN	3,194	1,000	1021,000	297,000	960,000	373,333
400,000	700,000	1100,000	2,215	82,857	92,253	2,000	66,374	19,381	9,714	19,255	66,520	580,000	0,000	141853,130	141854,130	141859,462	141859,866	141860,446	141900,576	0,000	51533,130	51534,130	51539,462	51539,866	51540,446	51540,576	23,458	1,998	23,355	1,943	25,000	0,000	0,535	0,436	1,000	983,000	298,000	960,000	373,333
410,000	630,000	1040,000	3,266	84,127	90,473	2,000	65,239	21,166	7,831	21,139	65,218	530,000	0,000	141909,349	141910,351	141912,725	141913,135	141913,665	141913,775	0,000	51549,349	51550,351	51552,725	51553,135	51553,665	51553,776	24,386	3,178	24,362	3,180	25,000	0,000	4,800	4,280	1,000	1056,000	308,000	960,000	373,333
280,000	640,000	920,000	3,649	96,875	78,783	1,000	61,968	17,229	11,745	17,225	61,968	620,000	0,000	141920,995	141921,996	141925,141	141925,426	141926,046	141926,076	0,000	51560,995	51561,996	51565,141	51565,426	51566,046	51566,076	21,122	2,954	21,123	2,944	25,000	0,000	NaN	0,184	1,000	879,000	272,000	960,000	373,333
290,000	610,000	900,000	1,945	86,885	98,760	1,000	66,397	20,196	8,873	20,097	66,336	530,000	0,000	141933,864	141934,863	141938,897	141939,196	141939,726	141939,816	0,000	51573,864	51574,863	51578,897	51579,196	51579,726	51579,816	24,949	1,716	24,857	1,713	25,000	0,000	1,337	0,121	1,000	1029,000	378,000	960,000	373,333
350,000	530,000	880,000	2,082	94,340	94,727	1,000	68,444	20,150	8,836	20,134	68,444	500,000	0,000	141944,689	141945,688	141951,413	141951,765	141952,265	141952,305	0,000	51584,689	51585,688	51591,413	51591,765	51592,265	51592,305	24,948	1,266	24,939	1,265	25,000	0,000	NaN	0,773	1,000	1008,000	317,000	960,000	373,333
360,000	440,000	800,000	2,984	97,727	76,075	0,000	60,414	15,918	13,051	15,919	60,414	430,000	0,000	141959,271	142000,271	142006,078	142006,448	142006,878	142006,897	0,000	51599,271	51600,271	51606,078	51606,448	51606,878	51606,897	20,082	2,449	20,082	2,451	25,000	0,000	NaN	7,764	1,000	854,000	378,000	960,000	373,333
370,000	430,000	800,000	0,289	97,674	83,956	0,000	66,340	17,967	11,000	17,970	66,340	420,000	0,000	142011,447	142012,447	142015,784	142016,155	142016,575	142016,596	0,000	51611,447	51612,447	51615,784	51616,155	51616,575	51616,596	21,294	1,464	21,297	1,467	25,000	0,000	NaN	14,932	1,000	970,000	371,000	960,000	373,333
380,000	570,000	950,000	0,866	98,246	89,400	0,000	66,258	19,036	9,936	19,033	66,258	560,000	0,000	142021,721	142022,723	142028,258	142028,645	142029,205	142029,226	0,000	51621,721	51622,723	51628,258	51628,645	51629,205	51629,226	24,020	1,378	24,020	1,378	25,000	0,000	NaN	0,624	1,000	989,000	363,000	960,000	373,333
390,000	440,000	830,000	1,275	68,182	73,386	2,000	64,816	17,579	13,936	15,034	65,423	300,000	0,000	142033,769	142034,770	142040,069	142040,468	142040,768	142040,916	0,000	51633,769	51634,770	51640,069	51640,468	51640,768	51640,916	21,630	1,662	19,423	1,403	25,000	0,000	39,592	53,593	1,000	940,000	414,000	960,000	373,333
30,000	20,000	50,000	24,975	0,000	0,000	0,000	10,954	0,000	28,970	0,000	10,954	0,000	0,000	142045,868	142046,868	142050,318	142050,519	142050,519	142050,546	0,000	51645,868	51646,868	51650,318	51650,519	51650,519	51650,546	0,000	0,000	0,000	0,000	25,000	0,000	NaN	NaN	1,000	72,000	372,000	960,000	373,333
