240,000	20,000	260,000	24,469	0,000	0,000	0,000	13,601	0,000	28,970	0,000	13,601	0,000	0,000	133525,908	133526,909	133531,712	133531,962	133531,962	133531,992	0,000	48925,908	48926,909	48931,712	48931,962	48931,962	48931,993	0,000	0,000	0,000	0,000	25,000	0,000	NaN	NaN	1,000	90,000	372,000	960,000	373,333
290,000	600,000	890,000	21,173	50,000	51,970	6,000	25,451	10,945	19,036	9,934	25,846	300,000	0,000	133537,375	133538,375	133543,603	133543,902	133544,202	133544,512	0,000	48937,375	48938,375	48943,603	48943,902	48944,202	48944,512	5,541	9,453	5,240	8,517	25,000	0,000	8,405	10,932	1,000	256,000	640,000	960,000	373,333
320,000	560,000	880,000	18,681	51,786	58,020	5,000	29,423	11,019	18,800	10,170	29,975	290,000	0,000	133549,039	133550,038	133554,980	133555,302	133555,592	133555,873	0,000	48949,039	48950,039	48954,980	48955,302	48955,592	48955,873	7,230	8,639	7,003	7,834	25,000	0,000	6,323	6,636	1,000	353,000	643,000	960,000	373,333
300,000	490,000	790,000	21,077	63,265	60,724	4,000	21,027	10,624	18,768	10,201	20,877	310,000	0,000	133602,647	133603,647	133609,496	133609,802	133610,112	133610,302	0,000	48962,647	48963,647	48969,496	48969,802	48970,112	48970,302	4,585	9,565	4,369	9,203	25,000	0,000	4,229	5,810	1,000	287,000	703,000	960,000	373,333
270,000	400,000	670,000	20,550	35,000	62,135	4,000	24,403	10,361	22,596	6,374	24,388	140,000	0,000	133615,329	133616,330	133619,573	133619,853	133619,993	133620,262	0,000	48975,329	48976,330	48979,573	48979,853	48979,993	48980,262	5,542	8,945	3,898	5,438	25,000	0,000	50,095	50,665	1,000	319,000	724,000	960,000	373,333
270,000	930,000	1200,000	19,260	19,355	59,136	9,000	27,183	11,796	20,364	8,605	26,528	180,000	0,000	133624,866	133625,866	133630,039	133630,312	133630,492	133631,252	0,000	48984,866	48985,866	48990,039	48990,312	48990,492	48991,252	6,499	9,901	4,880	7,285	25,000	0,000	50,255	49,642	1,000	373,000	726,000	960,000	373,333
320,000	730,000	1050,000	22,512	19,178	53,367	9,000	20,702	13,987	23,560	5,410	18,328	140,000	0,000	133636,007	133637,007	133639,298	133639,622	133639,762	133640,363	0,000	48996,007	48997,007	48999,298	48999,622	48999,762	49000,363	6,244	12,629	2,505	4,921	25,000	0,000	42,800	41,351	1,000	323,000	858,000	960,000	373,333
270,000	1160,000	1430,000	22,644	10,345	51,307	10,000	17,011	14,548	25,776	3,194	17,914	120,000	0,000	133644,901	133645,902	133650,030	133650,302	133650,422	133651,472	0,000	49004,901	49005,902	49010,030	49010,302	49010,422	49011,472	4,108	13,924	1,031	3,016	25,000	0,000	25,962	26,551	1,000	250,000	753,000	960,000	373,333
360,000	690,000	1050,000	22,319	56,522	42,860	8,000	19,085	9,312	19,812	9,157	19,066	390,000	0,000	133656,542	133657,543	133659,740	133700,104	133700,494	133700,803	0,000	49016,542	49017,543	49019,740	49020,104	49020,494	49020,803	3,881	8,494	3,819	8,355	25,000	0,000	0,003	0,262	1,000	240,000	707,000	960,000	373,333
290,000	630,000	920,000	18,578	53,968	71,866	6,000	31,919	18,158	13,510	15,460	30,138	340,000	0,000	133705,329	133706,329	133711,980	133712,272	133712,612	133712,962	0,000	49025,329	49026,330	49031,980	49032,272	49032,612	49032,963	12,714	13,977	10,542	12,221	25,000	0,000	23,945	25,587	1,000	560,000	899,000	960,000	373,333
360,000	340,000	700,000	18,745	79,412	70,281	2,000	30,916	16,554	15,144	13,826	31,721	270,000	0,000	133717,495	133718,496	133723,002	133723,373	133723,643	133723,723	0,000	49037,495	49038,496	49043,002	49043,373	49043,643	49043,723	11,000	12,979	9,936	10,641	25,000	0,000	0,836	60,485	1,000	527,000	880,000	960,000	373,333
220,000	200,000	420,000	26,411	0,000	30,082	0,000	12,435	3,029	28,970	0,000	10,063	0,000	0,000	133731,278	133732,278	133738,115	133738,343	133738,343	133738,552	0,000	49051,278	49052,278	49058,115	49058,343	49058,343	49058,553	1,149	2,860	0,000	0,000	25,000	0,000	26,338	NaN	1,000	32,000	517,000	960,000	373,333
300,000	360,000	660,000	22,208	94,444	31,777	1,000	19,303	5,753	23,229	5,740	19,303	340,000	0,000	133743,080	133744,080	133747,991	133748,293	133748,633	133748,663	0,000	49063,080	49064,080	49067,991	49068,293	49068,633	49068,663	3,069	5,065	3,065	5,056	25,000	0,000	NaN	0,808	1,000	194,000	565,000	960,000	373,333
270,000	620,000	890,000	22,137	32,258	38,726	6,000	19,176	8,876	22,204	6,766	18,199	200,000	0,000	133753,195	133754,195	133757,909	133758,183	133758,383	133758,813	0,000	49073,195	49074,195	49077,909	49078,183	49078,383	49078,814	3,825	8,072	2,829	6,222	25,000	0,000	34,557	33,609	1,000	233,000	675,000	960,000	373,333
280,000	620,000	900,000	19,959	22,581	56,939	6,000	26,235	11,547	24,033	4,937	23,504	140,000	0,000	133803,335	133804,335	133808,393	133808,684	133808,824	133809,313	0,000	49083,335	49084,335	49088,393	49088,684	49088,824	49089,313	7,033	9,510	3,307	4,078	25,000	0,000	33,687	35,065	1,000	353,000	741,000	960,000	373,333
260,000	630,000	890,000	11,897	20,635	52,181	4,000	44,725	13,365	25,862	3,108	29,857	130,000	0,000	133813,837	133814,839	133819,743	133820,012	133820,142	133820,652	0,000	49093,837	49094,839	49099,743	49100,012	49100,142	49100,652	14,259	6,526	3,808	1,894	25,000	0,000	23,377	23,274	1,000	623,000	629,000	960,000	373,333
250,000	690,000	940,000	10,785	20,290	70,268	4,000	45,986	19,430	23,589	5,381	32,043	140,000	0,000	133828,732	133829,732	133835,616	133835,873	133836,013	133836,572	0,000	49108,732	49109,732	49115,616	49115,873	49116,013	49116,572	18,676	10,408	5,560	3,514	25,000	0,000	40,651	41,169	1,000	794,000	719,000	960,000	373,333
360,000	670,000	1030,000	7,573	62,687	82,309	3,000	59,877	23,078	7,229	21,741	61,053	420,000	0,000	133841,096	133842,096	133845,386	133845,752	133846,172	133846,432	0,000	49121,096	49122,096	49125,386	49125,752	49126,172	49126,432	25,707	6,476	24,936	5,629	25,000	0,000	36,719	38,162	1,000	1068,000	620,000	960,000	373,333
310,000	1000,000	1310,000	3,830	14,000	58,084	10,000	67,702	22,725	27,685	1,285	30,665	140,000	0,000	133850,955	133851,955	133855,262	133855,582	133855,722	133856,593	0,000	49130,955	49131,955	49135,262	49135,582	49135,722	49136,593	28,239	2,448	3,325	0,253	25,000	0,000	9,547	9,370	1,000	1089,000	417,000	960,000	373,333
260,000	680,000	940,000	1,695	82,353	82,945	2,000	67,860	20,004	9,161	19,809	68,024	560,000	0,000	133901,120	133902,122	133905,883	133906,152	133906,712	133906,842	0,000	49141,121	49142,122	49145,883	49146,152	49146,712	49146,842	24,667	1,351	24,552	1,178	25,000	0,000	3,302	4,335	1,000	1020,000	379,000	960,000	373,333
240,000	780,000	1020,000	2,281	39,744	74,910	4,000	67,631	21,107	17,412	11,558	65,159	310,000	0,000	133912,329	133913,329	133915,951	133916,192	133916,502	133916,982	0,000	49152,330	49153,329	49155,951	49156,192	49156,502	49156,982	26,496	1,828	17,189	0,872	25,000	0,000	64,085	65,180	1,000	1040,000	360,000	960,000	373,333
250,000	1070,000	1320,000	4,468	28,972	68,128	12,000	63,110	15,862	15,668	13,302	62,972	310,000	0,000	133921,515	133922,516	133927,852	133928,113	133928,423	133929,193	0,000	49161,515	49162,516	49167,852	49168,113	49168,423	49169,193	19,605	2,110	17,284	1,770	25,000	0,000	48,091	48,671	1,000	830,000	282,000	960,000	373,333
270,000	640,000	910,000	2,140	37,500	89,858	6,000	64,875	20,242	15,626	13,344	64,517	240,000	0,000	133934,559	133935,558	133940,587	133940,862	133941,102	133941,512	0,000	49174,559	49175,558	49180,587	49180,862	49181,102	49181,512	24,331	2,785	17,969	1,839	25,000	0,000	75,258	77,506	1,000	999,000	308,000	960,000	373,333
320,000	490,000	810,000	4,198	59,184	63,818	2,000	62,459	15,289	18,125	10,845	60,758	290,000	0,000	133947,579	133948,580	133951,916	133952,242	133952,532	133952,742	0,000	49187,579	49188,580	49191,916	49192,242	49192,532	49192,742	19,461	1,773	15,146	1,494	25,000	0,000	51,132	55,569	1,000	816,000	334,000	960,000	373,333
380,000	470,000	850,000	3,323	97,872	69,086	0,000	64,172	14,807	14,163	14,806	64,172	460,000	0,000	133957,266	133958,267	134003,587	134003,973	134004,433	134004,453	0,000	49197,266	49198,267	49203,588	49203,973	49204,433	49204,453	18,703	0,901	18,704	0,898	25,000	0,000	NaN	2,087	1,000	843,000	357,000	960,000	373,333
380,000	770,000	1150,000	1,884	32,468	64,452	6,000	64,400	17,086	18,611	10,358	61,756	250,000	0,000	134009,277	134010,278	134014,621	134015,003	134015,253	134015,783	0,000	49209,277	49210,278	49214,621	49215,004	49215,254	49215,783	21,319	1,688	14,684	1,127	25,000	0,000	54,970	52,487	1,000	898,000	348,000	960,000	373,333
350,000	520,000	870,000	2,252	23,077	68,869	4,000	64,774	16,981	27,124	1,845	36,373	120,000	0,000	134020,315	134021,315	134024,585	134024,943	134025,063	134025,472	0,000	49220,315	49221,315	49224,585	49224,943	49225,063	49225,472	21,574	1,463	3,593	0,412	25,000	0,000	9,014	15,361	1,000	898,000	424,000	960,000	373,333
410,000	660,000	1070,000	3,268	42,424	64,948	6,000	63,869	15,403	17,080	11,890	64,210	280,000	0,000	134030,004	134031,004	134033,325	134033,743	134034,023	134034,412	0,000	49230,004	49231,004	49233,325	49233,743	49234,023	49234,412	19,576	1,265	16,458	0,708	25,000	0,000	52,654	53,567	1,000	844,000	380,000	960,000	373,333
270,000	560,000	830,000	8,123	66,071	65,891	4,000	56,049	12,847	17,387	11,583	56,684	370,000	0,000	134040,026	134041,025	134046,657	134046,932	134047,302	134047,502	0,000	49240,026	49241,026	49246,657	49246,932	49247,302	49247,502	15,582	2,900	14,692	2,039	25,000	0,000	0,724	6,141	1,000	679,000	440,000	960,000	373,333
260,000	900,000	1160,000	5,185	53,333	103,122	6,000	63,670	21,842	7,969	21,001	63,809	480,000	0,000	134052,296	134053,296	134056,499	134056,762	134057,242	134057,672	0,000	49252,297	49253,296	49256,499	49256,762	49257,242	49257,672	26,269	3,769	25,575	3,343	25,000	0,000	3,115	3,147	1,000	1073,000	519,000	960,000	373,333
250,000	1020,000	1270,000	1,697	53,922	69,494	7,000	65,069	17,514	12,513	16,457	65,476	550,000	0,000	134102,203	134103,203	134106,016	134106,272	134106,822	134107,302	0,000	49262,203	49263,203	49266,016	49266,272	49266,822	49267,303	22,613	1,548	21,711	1,100	25,000	0,000	2,389	2,562	1,000	900,000	367,000	960,000	373,333
420,000	630,000	1050,000	2,234	85,714	84,125	2,000	66,338	20,207	9,012	19,958	66,695	540,000	0,000	134111,995	134112,996	134115,691	134116,123	134116,663	134116,762	0,000	49271,995	49272,996	49275,691	49276,123	49276,663	49276,762	24,780	1,972	24,642	1,741	25,000	0,000	2,620	1,100	1,000	1027,000	416,000	960,000	373,333
320,000	480,000	800,000	3,883	66,667	70,207	2,000	63,050	15,181	15,090	13,880	63,603	320,000	0,000	134122,174	134123,174	134127,128	134127,453	134127,773	134127,943	0,000	49282,174	49283,174	49287,129	49287,453	49287,773	49287,943	18,959	1,773	17,902	1,659	25,000	0,000	46,458	47,059	1,000	822,000	378,000	960,000	373,333
320,000	490,000	810,000	2,180	97,959	73,726	0,000	64,632	16,463	12,509	16,461	64,632	480,000	0,000	134132,662	134133,662	134138,941	134139,262	134139,742	134139,762	0,000	49292,662	49293,662	49298,941	49299,262	49299,742	49299,762	20,588	1,406	20,588	1,406	25,000	0,000	NaN	2,706	1,000	888,000	402,000	960,000	373,333
310,000	470,000	780,000	0,851	97,872	80,136	0,000	64,200	17,978	10,993	17,977	64,200	460,000	0,000	134144,794	134145,794	134151,717	134152,032	134152,492	134152,512	0,000	49304,794	49305,794	49311,717	49312,032	49312,492	49312,512	22,388	2,056	22,389	2,054	25,000	0,000	NaN	8,215	1,000	931,000	382,000	960,000	373,333
290,000	500,000	790,000	2,785	98,000	64,552	0,000	62,984	16,176	12,790	16,179	62,984	490,000	0,000	134157,857	134158,858	134204,162	134204,462	134204,952	134204,973	0,000	49317,857	49318,858	49324,162	49324,462	49324,952	49324,973	21,156	1,689	21,162	1,688	25,000	0,000	NaN	19,374	1,000	861,000	375,000	960,000	373,333
310,000	640,000	950,000	2,286	23,437	73,449	4,000	68,885	20,455	26,366	2,604	43,651	150,000	0,000	134210,099	134211,099	134215,050	134215,362	134215,512	134216,013	0,000	49330,099	49331,099	49335,050	49335,362	49335,512	49336,013	25,425	0,987	5,175	0,274	25,000	0,000	17,129	19,180	1,000	1041,000	380,000	960,000	373,333
280,000	540,000	820,000	3,325	46,296	88,994	2,000	66,102	22,048	17,310	11,660	62,634	250,000	0,000	134222,101	134223,102	134225,682	134225,972	134226,222	134226,523	0,000	49342,101	49343,102	49345,682	49345,972	49346,222	49346,523	26,271	3,009	16,060	1,982	25,000	0,000	69,255	70,126	1,000	1066,000	321,000	960,000	373,333
400,000	490,000	890,000	0,627	97,959	76,358	0,000	64,068	17,939	11,031	17,939	64,068	480,000	0,000	134234,148	134235,148	134237,668	134238,073	134238,553	134238,573	0,000	49354,148	49355,148	49357,668	49358,073	49358,553	49358,573	21,516	2,280	21,517	2,278	25,000	0,000	NaN	5,053	1,000	946,000	356,000	960,000	373,333
230,000	710,000	940,000	2,494	23,944	75,627	6,000	63,914	18,995	27,357	1,613	33,087	170,000	0,000	134244,880	134245,882	134248,390	134248,622	134248,792	134249,342	0,000	49364,880	49365,882	49368,390	49368,622	49368,792	49369,343	25,145	2,308	4,730	0,220	25,000	0,000	11,957	12,999	1,000	960,000	462,000	960,000	373,333
330,000	450,000	780,000	1,586	97,778	83,600	0,000	65,244	17,170	11,801	17,169	65,244	440,000	0,000	134256,883	134257,883	134302,699	134303,032	134303,472	134303,492	0,000	49376,883	49377,883	49382,699	49383,032	49383,472	49383,492	22,108	1,041	22,107	1,041	25,000	0,000	NaN	4,020	1,000	922,000	415,000	960,000	373,333
330,000	510,000	840,000	1,461	98,039	76,505	0,000	64,563	18,004	10,965	18,005	64,563	500,000	0,000	134309,384	134310,385	134314,286	134314,623	134315,123	134315,143	0,000	49389,385	49390,385	49394,286	49394,623	49395,123	49395,143	23,204	1,913	23,205	1,914	25,000	0,000	NaN	9,515	1,000	921,000	339,000	960,000	373,333
400,000	640,000	1040,000	1,994	39,062	82,356	5,000	66,078	20,750	15,770	13,200	66,160	250,000	0,000	134323,151	134324,152	134327,320	134327,722	134327,972	134328,372	0,000	49403,151	49404,152	49407,320	49407,722	49407,972	49408,372	24,695	2,503	17,718	1,428	25,000	0,000	73,799	72,235	1,000	1030,000	362,000	960,000	373,333
310,000	690,000	1000,000	4,255	63,768	46,879	2,000	61,990	14,884	16,687	12,283	61,053	440,000	0,000	134333,752	134334,752	134340,230	134340,542	134340,982	134341,243	0,000	49413,752	49414,752	49420,230	49420,542	49420,982	49421,243	20,141	1,408	17,643	1,008	25,000	0,000	16,795	21,155	1,000	814,000	413,000	960,000	373,333
300,000	470,000	770,000	2,372	68,085	74,194	2,000	64,327	16,190	15,017	13,953	65,081	320,000	0,000	134346,865	134347,865	134351,022	134351,334	134351,654	134351,812	0,000	49426,865	49427,865	49431,022	49431,334	49431,654	49431,813	21,376	1,012	19,485	0,773	25,000	0,000	49,638	55,045	1,000	878,000	393,000	960,000	373,333
320,000	750,000	1070,000	3,108	40,000	85,090	6,000	64,802	21,457	13,145	15,825	64,781	300,000	0,000	134356,354	134357,354	134402,980	134403,302	134403,602	134404,062	0,000	49436,354	49437,354	49442,980	49443,302	49443,602	49444,062	26,103	3,319	20,925	2,688	25,000	0,000	79,889	81,194	1,000	1029,000	287,000	960,000	373,333
290,000	720,000	1010,000	2,945	77,778	89,607	2,000	66,576	21,083	8,068	20,902	66,821	560,000	0,000	134408,604	134409,604	134412,647	134412,942	134413,502	134413,672	0,000	49448,604	49449,604	49452,647	49452,942	49453,502	49453,672	26,326	2,167	26,212	1,971	25,000	0,000	2,559	0,948	1,000	1041,000	307,000	960,000	373,333
560,000	480,000	1040,000	1,476	97,917	85,492	0,000	65,610	18,787	10,180	18,790	65,610	470,000	0,000	134418,742	134419,742	134422,160	134422,724	134423,194	134423,213	0,000	49458,742	49459,743	49462,160	49462,724	49463,194	49463,213	24,363	1,689	24,370	1,686	25,000	0,000	NaN	18,736	1,000	956,000	321,000	960,000	373,333
3010,000	20,000	3030,000	5,876	0,000	0,000	0,000	74,603	0,000	28,970	0,000	74,603	0,000	0,000	134427,762	134428,763	134432,962	134435,982	134435,982	134436,013	0,000	49467,762	49468,763	49472,962	49475,982	49475,982	49476,013	0,000	0,000	0,000	0,000	25,000	0,000	NaN	NaN	1,000	1162,000	320,000	960,000	373,333
310,000	500,000	810,000	3,710	46,000	93,764	2,000	64,699	20,784	17,062	11,907	62,421	230,000	0,000	134440,546	134441,547	134445,853	134446,172	134446,402	134446,683	0,000	49480,547	49481,547	49485,853	49486,172	49486,402	49486,683	24,471	3,267	15,928	2,236	25,000	0,000	73,412	75,702	1,000	1014,000	253,000	960,000	373,333
350,000	490,000	840,000	3,488	97,959	90,295	0,000	62,702	19,863	9,109	19,861	62,702	480,000	0,000	134452,749	134453,749	134457,707	134458,062	134458,541	134458,563	0,000	49492,749	49493,749	49497,707	49498,062	49498,542	49498,563	23,317	3,660	23,317	3,660	25,000	0,000	NaN	2,392	1,000	990,000	253,000	960,000	373,333
440,000	680,000	1120,000	4,753	35,294	75,881	5,000	60,178	17,328	16,376	12,594	59,746	240,000	0,000	134503,102	134504,102	134506,527	134506,973	134507,212	134507,663	0,000	49503,102	49504,102	49506,527	49506,973	49507,213	49507,663	19,858	3,911	15,621	2,855	25,000	0,000	64,521	64,393	1,000	879,000	225,000	960,000	373,333
320,000	720,000	1040,000	6,728	70,833	53,386	2,000	59,600	12,240	17,024	11,946	59,429	510,000	0,000	134513,343	134514,343	134518,046	134518,373	134518,883	134519,102	0,000	49513,343	49514,343	49518,046	49518,373	49518,883	49519,102	16,567	1,125	16,282	1,041	25,000	0,000	1,581	0,497	1,000	721,000	363,000	960,000	373,333
310,000	910,000	1220,000	4,070	61,538	55,658	6,000	60,600	16,305	13,137	15,833	60,476	560,000	0,000	134523,897	134524,897	134527,015	134527,332	134527,892	134528,252	0,000	49523,897	49524,898	49527,015	49527,332	49527,892	49528,252	20,983	2,728	20,545	2,643	25,000	0,000	6,108	6,127	1,000	841,000	291,000	960,000	373,333
320,000	660,000	980,000	1,917	90,909	67,902	2,000	66,625	16,359	12,636	16,334	66,602	600,000	0,000	134532,784	134533,784	134537,642	134537,973	134538,573	134538,642	0,000	49532,784	49533,784	49537,642	49537,973	49538,573	49538,642	20,392	0,703	20,364	0,703	25,000	0,000	0,015	0,005	1,000	900,000	341,000	960,000	373,333
280,000	710,000	990,000	4,678	39,437	56,887	5,000	61,176	14,655	20,817	8,153	55,707	280,000	0,000	134545,290	134546,290	134549,775	134550,063	134550,343	134550,782	0,000	49545,290	49546,290	49549,775	49550,063	49550,343	49550,782	19,071	1,857	12,244	1,471	25,000	0,000	44,316	43,919	1,000	805,000	313,000	960,000	373,333
340,000	950,000	1290,000	2,158	50,526	53,257	6,000	63,359	17,729	14,434	14,535	62,184	480,000	0,000	134557,959	134558,959	134601,465	134601,812	134602,292	134602,773	0,000	49557,959	49558,959	49561,465	49561,812	49562,292	49562,773	22,614	2,307	19,497	1,982	25,000	0,000	32,159	31,733	1,000	909,000	316,000	960,000	373,333
280,000	870,000	1150,000	4,648	50,575	75,392	4,000	64,577	23,331	11,862	17,108	64,300	440,000	0,000	134611,604	134612,603	134614,728	134615,012	134615,452	134615,892	0,000	49571,605	49572,604	49574,728	49575,012	49575,452	49575,892	28,379	3,912	22,689	2,352	25,000	0,000	48,892	51,086	1,000	1115,000	316,000	960,000	373,333
300,000	820,000	1120,000	3,305	47,561	65,012	5,000	66,533	22,151	14,167	14,803	64,511	390,000	0,000	134623,306	134624,306	134628,399	134628,702	134629,092	134629,532	0,000	49583,306	49584,306	49588,399	49588,702	49589,092	49589,532	26,721	2,786	19,529	1,949	25,000	0,000	50,353	49,500	1,000	1070,000	332,000	960,000	373,333
290,000	710,000	1000,000	3,011	39,437	77,999	5,000	64,950	21,680	16,596	12,374	61,254	280,000	0,000	134636,644	134637,645	134643,364	134643,662	134643,942	134644,382	0,000	49596,644	49597,645	49603,364	49603,662	49603,942	49604,382	27,115	3,070	17,859	2,167	25,000	0,000	64,678	64,408	1,000	1057,000	328,000	960,000	373,333
