3010,000	20,000	3030,000	25,397	0,000	0,000	0,000	8,735	0,000	28,970	0,000	8,735	0,000	0,000	131510,126	131511,127	131516,818	131519,839	131519,839	131519,869	0,000	47710,126	47711,127	47716,818	47719,839	47719,839	47719,869	0,000	0,000	0,000	0,000	25,000	0,000	NaN	NaN	1,000	57,000	371,000	960,000	373,333
280,000	450,000	730,000	26,145	57,778	34,241	4,000	9,240	6,569	22,869	6,100	8,117	260,000	0,000	131528,052	131529,051	131531,922	131532,210	131532,470	131532,668	0,000	47728,052	47729,051	47731,923	47732,210	47732,470	47732,668	0,790	6,525	0,380	6,119	25,000	0,000	13,628	14,002	1,000	64,000	621,000	960,000	373,333
330,000	540,000	870,000	27,545	31,481	51,630	6,000	11,795	10,914	21,779	7,191	9,624	170,000	0,000	131538,058	131539,058	131544,048	131544,390	131544,560	131544,939	0,000	47738,058	47739,058	47744,048	47744,390	47744,560	47744,939	2,758	10,582	1,279	7,099	25,000	0,000	41,125	45,164	1,000	65,000	771,000	960,000	373,333
430,000	380,000	810,000	26,503	36,842	4,758	5,000	13,449	0,444	28,871	0,099	8,794	140,000	0,000	131550,891	131551,891	131555,397	131555,828	131555,968	131556,219	0,000	47750,891	47751,891	47755,398	47755,828	47755,968	47756,219	0,986	0,256	0,060	0,088	25,000	0,000	1,236	0,399	1,000	18,000	348,000	960,000	373,333
420,000	320,000	740,000	16,749	96,875	31,977	0,000	42,199	5,389	23,582	5,388	42,199	310,000	0,000	131603,602	131604,602	131608,093	131608,518	131608,828	131608,850	0,000	47763,602	47764,602	47768,093	47768,518	47768,828	47768,850	6,415	1,998	6,415	1,998	25,000	0,000	NaN	1,408	1,000	373,000	273,000	960,000	373,333
320,000	350,000	670,000	14,417	60,000	31,281	2,000	48,076	6,991	23,807	5,163	48,094	210,000	0,000	131613,594	131614,595	131618,868	131619,189	131619,399	131619,548	0,000	47773,594	47774,595	47778,868	47779,189	47779,399	47779,548	9,170	1,830	7,727	1,079	25,000	0,000	17,084	26,787	1,000	449,000	333,000	960,000	373,333
270,000	470,000	740,000	7,295	27,660	90,800	2,000	59,556	22,747	23,452	5,518	40,804	130,000	0,000	131625,370	131626,371	131631,307	131631,579	131631,709	131632,058	0,000	47785,370	47786,371	47791,307	47791,579	47791,709	47792,058	25,118	6,752	6,553	2,930	25,000	0,000	41,102	47,365	1,000	1020,000	121,000	960,000	373,333
300,000	460,000	760,000	10,205	97,826	130,448	0,000	71,656	27,901	1,074	27,895	71,656	450,000	0,000	131636,546	131637,546	131641,027	131641,329	131641,779	131641,798	0,000	47796,546	47797,546	47801,027	47801,329	47801,779	47801,798	31,505	2,335	31,504	2,336	25,000	0,000	NaN	5,039	1,000	1309,000	274,000	960,000	373,333
290,000	370,000	660,000	7,118	54,054	61,557	2,000	58,977	11,982	20,931	8,039	57,484	200,000	0,000	131646,875	131647,875	131653,655	131653,949	131654,149	131654,329	0,000	47806,875	47807,875	47813,655	47813,949	47814,149	47814,329	15,386	1,434	11,642	1,006	25,000	0,000	44,246	51,267	1,000	711,000	328,000	960,000	373,333
300,000	460,000	760,000	3,155	93,478	81,895	1,000	63,513	16,592	12,405	16,565	63,513	430,000	0,000	131659,430	131700,431	131704,910	131705,218	131705,648	131705,690	0,000	47819,430	47820,431	47824,910	47825,218	47825,648	47825,690	20,114	2,110	20,106	2,111	25,000	0,000	NaN	2,694	1,000	863,000	317,000	960,000	373,333
310,000	600,000	910,000	6,420	68,333	69,373	4,000	58,401	12,594	16,559	12,411	58,730	410,000	0,000	131712,396	131713,395	131717,079	131717,399	131717,809	131718,009	0,000	47832,396	47833,395	47837,079	47837,399	47837,809	47838,009	15,779	1,886	15,677	1,716	25,000	0,000	0,780	0,209	1,000	732,000	384,000	960,000	373,333
300,000	690,000	990,000	0,979	31,884	87,068	6,000	63,141	18,098	16,984	11,986	64,097	220,000	0,000	131723,547	131724,547	131730,095	131730,399	131730,619	131731,100	0,000	47843,547	47844,547	47850,096	47850,399	47850,619	47851,100	22,275	2,534	16,902	1,335	25,000	0,000	76,545	75,185	1,000	928,000	387,000	960,000	373,333
290,000	400,000	690,000	1,794	97,500	92,365	0,000	65,206	17,725	11,247	17,723	65,206	390,000	0,000	131737,255	131738,255	131743,365	131743,659	131744,049	131744,069	0,000	47857,255	47858,255	47863,365	47863,659	47864,049	47864,069	21,996	1,210	21,996	1,211	25,000	0,000	NaN	5,247	1,000	964,000	437,000	960,000	373,333
300,000	620,000	920,000	3,741	38,710	73,548	4,000	62,779	15,032	18,934	10,036	62,133	240,000	0,000	131748,712	131749,712	131752,323	131752,628	131752,868	131753,258	0,000	47868,712	47869,712	47872,323	47872,628	47872,868	47873,258	19,183	1,435	14,517	0,990	25,000	0,000	63,383	62,651	1,000	828,000	357,000	960,000	373,333
300,000	470,000	770,000	2,706	78,723	118,152	2,000	68,337	20,796	8,248	20,722	68,300	370,000	0,000	131758,818	131759,820	131803,675	131803,978	131804,348	131804,458	0,000	47878,819	47879,820	47883,675	47883,979	47884,349	47884,458	24,386	1,519	24,327	1,518	25,000	0,000	2,989	2,838	1,000	1042,000	323,000	960,000	373,333
280,000	550,000	830,000	4,825	36,364	78,085	4,000	59,409	14,902	19,290	9,679	58,667	200,000	0,000	131809,338	131810,338	131813,803	131814,089	131814,289	131814,649	0,000	47889,338	47890,338	47893,803	47894,089	47894,289	47894,649	18,395	2,728	13,687	1,650	25,000	0,000	67,713	65,927	1,000	793,000	334,000	960,000	373,333
290,000	470,000	760,000	2,579	95,745	106,471	1,000	67,230	21,133	7,854	21,116	67,230	450,000	0,000	131819,126	131820,126	131822,579	131822,879	131823,329	131823,360	0,000	47899,126	47900,126	47902,579	47902,879	47903,329	47903,360	25,317	2,139	25,313	2,136	25,000	0,000	NaN	0,099	1,000	1051,000	362,000	960,000	373,333
260,000	590,000	850,000	3,095	81,356	126,631	2,000	66,601	22,443	6,650	22,320	66,524	480,000	0,000	131830,403	131831,403	131836,482	131836,749	131837,229	131837,349	0,000	47910,403	47911,403	47916,482	47916,749	47917,229	47917,349	26,411	2,841	26,291	2,841	25,000	0,000	1,363	0,404	1,000	1070,000	370,000	960,000	373,333
330,000	350,000	680,000	3,833	97,143	73,094	0,000	63,657	14,194	14,776	14,194	63,657	340,000	0,000	131842,749	131843,750	131849,391	131849,729	131850,070	131850,089	0,000	47922,749	47923,750	47929,391	47929,730	47930,070	47930,089	17,833	0,790	17,833	0,791	25,000	0,000	NaN	9,765	1,000	824,000	382,000	960,000	373,333
230,000	510,000	740,000	6,703	33,333	65,805	6,000	56,662	14,799	20,180	8,790	54,585	170,000	0,000	131854,664	131855,665	131859,588	131859,818	131859,988	131900,340	0,000	47934,664	47935,665	47939,588	47939,818	47939,988	47940,340	18,676	3,544	13,002	2,146	25,000	0,000	58,298	60,061	1,000	722,000	386,000	960,000	373,333
280,000	470,000	750,000	0,785	97,872	100,147	0,000	64,996	19,645	9,323	19,647	64,996	460,000	0,000	131906,472	131907,472	131913,062	131913,348	131913,808	131913,828	0,000	47946,472	47947,472	47953,062	47953,348	47953,808	47953,828	24,330	2,279	24,332	2,280	25,000	0,000	NaN	5,552	1,000	971,000	399,000	960,000	373,333
320,000	670,000	990,000	1,847	56,716	93,387	5,000	64,524	17,348	12,622	16,347	65,076	380,000	0,000	131919,809	131920,808	131925,065	131925,390	131925,770	131926,068	0,000	47959,809	47960,808	47965,065	47965,390	47965,770	47966,068	21,123	1,828	20,324	1,274	25,000	0,000	2,943	2,050	1,000	899,000	349,000	960,000	373,333
270,000	630,000	900,000	2,123	88,889	101,140	2,000	65,997	20,928	8,057	20,913	66,043	560,000	0,000	131931,139	131932,140	131934,903	131935,179	131935,739	131935,818	0,000	47971,139	47972,140	47974,903	47975,179	47975,739	47975,819	26,634	2,223	26,636	2,185	25,000	0,000	0,265	0,138	1,000	1032,000	396,000	960,000	373,333
330,000	530,000	860,000	3,367	96,226	112,317	1,000	63,393	21,460	7,518	21,452	63,393	510,000	0,000	131941,250	131942,250	131946,058	131946,400	131946,910	131946,939	0,000	47981,250	47982,250	47986,058	47986,400	47986,910	47986,939	25,314	3,516	25,310	3,516	25,000	0,000	NaN	0,469	1,000	1066,000	429,000	960,000	373,333
310,000	480,000	790,000	1,732	79,167	90,572	3,000	63,259	16,836	12,145	16,825	63,309	380,000	0,000	131952,282	131953,281	131955,780	131956,100	131956,480	131956,588	0,000	47992,282	47993,281	47995,780	47996,100	47996,480	47996,588	19,913	2,138	19,915	2,107	25,000	0,000	0,785	0,115	1,000	901,000	391,000	960,000	373,333
300,000	580,000	880,000	2,556	36,207	96,092	5,000	66,305	20,972	17,084	11,886	66,886	210,000	0,000	132001,430	132002,432	132005,091	132005,399	132005,609	132005,988	0,000	48001,430	48002,432	48005,091	48005,399	48005,609	48005,988	25,230	2,278	16,914	0,779	25,000	0,000	76,452	74,862	1,000	1049,000	355,000	960,000	373,333
290,000	790,000	1080,000	9,591	55,696	151,434	4,000	70,575	31,057	1,242	30,212	70,823	440,000	0,000	132012,355	132013,355	132018,227	132018,519	132018,959	132019,319	0,000	48012,355	48013,355	48018,227	48018,519	48018,959	48019,319	35,214	3,600	34,513	3,400	25,000	0,000	10,439	8,863	1,000	1301,000	377,000	960,000	373,333
280,000	600,000	880,000	10,363	40,000	34,789	4,000	53,596	9,633	23,175	5,795	49,836	240,000	0,000	132026,349	132027,348	132030,190	132030,478	132030,718	132031,089	0,000	48026,349	48027,348	48030,190	48030,478	48030,718	48031,089	13,446	1,547	9,570	0,743	25,000	0,000	26,478	28,798	1,000	592,000	392,000	960,000	373,333
380,000	490,000	870,000	4,290	97,959	104,626	0,000	68,005	22,443	6,529	22,441	68,005	480,000	0,000	132037,060	132038,061	132041,950	132042,340	132042,820	132042,839	0,000	48037,060	48038,061	48041,950	48042,340	48042,820	48042,839	26,608	2,081	26,608	2,081	25,000	0,000	NaN	0,452	1,000	1109,000	406,000	960,000	373,333
340,000	490,000	830,000	2,644	97,959	82,390	0,000	67,946	20,246	8,719	20,251	67,946	480,000	0,000	132052,211	132053,212	132057,732	132058,080	132058,560	132058,579	0,000	48052,211	48053,212	48057,732	48058,080	48058,560	48058,579	25,487	0,901	25,494	0,898	25,000	0,000	NaN	19,650	1,000	1054,000	375,000	960,000	373,333
70,000	620,000	690,000	4,237	98,387	105,769	0,000	67,285	23,135	5,838	23,132	67,285	610,000	0,000	132104,382	132105,383	132108,620	132108,822	132109,432	132109,448	0,000	48064,382	48065,383	48068,620	48068,822	48069,432	48069,448	28,717	2,703	28,716	2,705	25,000	0,000	NaN	6,747	1,000	1102,000	323,000	960,000	373,333
290,000	480,000	770,000	4,733	97,917	115,234	0,000	66,564	23,692	5,278	23,692	66,564	470,000	0,000	132115,054	132116,053	132118,896	132119,190	132119,660	132119,680	0,000	48075,054	48076,053	48078,896	48079,190	48079,660	48079,680	27,732	3,376	27,733	3,373	25,000	0,000	NaN	2,254	1,000	1127,000	394,000	960,000	373,333
30,000	490,000	520,000	3,328	97,959	121,430	0,000	66,867	22,102	6,869	22,100	66,867	480,000	0,000	132126,966	132127,966	132131,167	132131,367	132131,848	132131,858	0,000	48086,966	48087,966	48091,167	48091,368	48091,848	48091,858	26,863	2,870	26,864	2,871	25,000	0,000	NaN	5,148	1,000	1044,000	290,000	960,000	373,333
320,000	420,000	740,000	3,013	97,619	75,335	0,000	64,240	15,628	13,342	15,628	64,240	410,000	0,000	132137,728	132138,727	132141,878	132142,209	132142,619	132142,638	0,000	48097,728	48098,727	48101,878	48102,209	48102,619	48102,638	20,616	0,759	20,615	0,760	25,000	0,000	NaN	8,082	1,000	859,000	409,000	960,000	373,333
270,000	490,000	760,000	1,442	97,959	93,056	0,000	65,588	17,995	10,977	17,993	65,588	480,000	0,000	132148,680	132149,681	132152,732	132153,009	132153,489	132153,508	0,000	48108,680	48109,681	48112,732	48113,010	48113,490	48113,508	23,852	1,323	23,853	1,321	25,000	0,000	NaN	1,856	1,000	916,000	347,000	960,000	373,333
260,000	420,000	680,000	3,539	97,619	77,906	0,000	62,594	15,419	13,553	15,417	62,594	410,000	0,000	132206,403	132207,402	132212,804	132213,069	132213,479	132213,499	0,000	48126,403	48127,402	48132,804	48133,069	48133,479	48133,499	20,673	1,464	20,673	1,465	25,000	0,000	NaN	6,435	1,000	835,000	359,000	960,000	373,333
430,000	710,000	1140,000	5,153	74,648	128,171	4,000	69,460	23,688	5,353	23,617	69,428	530,000	0,000	132220,916	132221,917	132225,231	132225,668	132226,198	132226,389	0,000	48140,916	48141,917	48145,231	48145,668	48146,198	48146,389	28,014	1,772	27,947	1,770	25,000	0,000	0,065	0,253	1,000	1143,000	382,000	960,000	373,333
330,000	710,000	1040,000	1,304	36,620	95,315	6,000	65,386	19,648	13,555	15,415	67,581	260,000	0,000	132233,445	132234,446	132237,139	132237,481	132237,741	132238,199	0,000	48153,445	48154,446	48157,139	48157,481	48157,741	48158,199	24,808	2,195	21,337	1,128	25,000	0,000	85,227	85,253	1,000	981,000	332,000	960,000	373,333
280,000	510,000	790,000	1,267	98,039	111,369	0,000	64,460	20,038	8,934	20,036	64,460	500,000	0,000	132243,754	132244,755	132248,136	132248,418	132248,918	132248,939	0,000	48163,754	48164,755	48168,136	48168,418	48168,918	48168,939	24,105	2,729	24,104	2,729	25,000	0,000	NaN	0,752	1,000	1005,000	371,000	960,000	373,333
290,000	730,000	1020,000	3,314	52,055	125,336	4,000	68,762	23,032	6,400	22,569	68,511	380,000	0,000	132253,642	132254,643	132257,509	132257,809	132258,189	132258,548	0,000	48173,643	48174,643	48177,509	48177,809	48178,189	48178,548	27,648	1,884	27,172	1,857	25,000	0,000	4,486	4,475	1,000	1061,000	434,000	960,000	373,333
270,000	740,000	1010,000	5,513	51,351	73,236	4,000	59,421	13,505	16,043	12,927	59,547	380,000	0,000	132304,927	132305,929	132311,805	132312,078	132312,458	132312,830	0,000	48184,927	48185,929	48191,805	48192,078	48192,458	48192,830	17,439	1,773	16,964	1,484	25,000	0,000	1,114	0,182	1,000	764,000	377,000	960,000	373,333
270,000	590,000	860,000	0,991	93,220	114,141	1,000	61,474	18,371	10,615	18,355	61,520	550,000	0,000	132320,159	132321,159	132325,572	132325,850	132326,400	132326,448	0,000	48200,159	48201,159	48205,572	48205,850	48206,400	48206,448	21,853	3,490	21,853	3,455	25,000	0,000	0,092	0,298	1,000	933,000	396,000	960,000	373,333
240,000	480,000	720,000	2,996	45,833	75,299	4,000	61,570	15,987	16,109	12,861	62,117	220,000	0,000	132332,673	132333,673	132339,436	132339,679	132339,899	132340,168	0,000	48212,673	48213,673	48219,436	48219,679	48219,899	48220,168	20,194	1,970	17,510	1,500	25,000	0,000	62,080	62,309	1,000	868,000	427,000	960,000	373,333
280,000	640,000	920,000	7,903	54,687	63,651	4,000	58,070	10,732	18,540	10,430	57,908	350,000	0,000	132348,352	132349,353	132354,757	132355,038	132355,389	132355,689	0,000	48228,352	48229,353	48234,757	48235,039	48235,389	48235,689	13,726	1,041	13,427	0,966	25,000	0,000	0,423	0,838	1,000	680,000	397,000	960,000	373,333
260,000	460,000	720,000	3,443	97,826	111,448	0,000	66,488	21,286	7,686	21,284	66,488	450,000	0,000	132404,145	132405,145	132411,055	132411,319	132411,769	132411,790	0,000	48244,145	48245,145	48251,055	48251,319	48251,769	48251,790	26,214	1,941	26,213	1,940	25,000	0,000	NaN	0,685	1,000	1068,000	431,000	960,000	373,333
350,000	510,000	860,000	7,438	90,196	130,425	2,000	67,954	26,866	2,152	26,818	67,994	460,000	0,000	132416,425	132417,425	132419,570	132419,930	132420,390	132420,449	0,000	48256,425	48257,425	48259,570	48259,930	48260,390	48260,449	31,782	3,518	31,783	3,472	25,000	0,000	0,697	5,104	1,000	1214,000	447,000	960,000	373,333
280,000	400,000	680,000	2,477	97,500	104,521	0,000	65,727	18,634	10,338	18,632	65,727	390,000	0,000	132426,238	132427,238	132429,802	132430,088	132430,478	132430,499	0,000	48266,238	48267,238	48269,802	48270,088	48270,478	48270,499	21,461	1,434	21,461	1,434	25,000	0,000	NaN	0,779	1,000	993,000	455,000	960,000	373,333
270,000	690,000	960,000	4,528	52,174	122,546	5,000	64,840	23,449	5,722	23,248	65,011	360,000	0,000	132436,968	132437,967	132442,629	132442,909	132443,269	132443,608	0,000	48276,968	48277,967	48282,629	48282,909	48283,269	48283,608	26,889	3,742	26,773	3,553	25,000	0,000	1,468	0,375	1,000	1117,000	409,000	960,000	373,333
350,000	380,000	730,000	4,969	97,368	71,332	0,000	59,142	13,053	15,919	13,051	59,142	370,000	0,000	132449,651	132450,652	132454,515	132454,869	132455,239	132455,260	0,000	48289,651	48290,652	48294,515	48294,869	48295,239	48295,260	16,370	1,830	16,369	1,831	25,000	0,000	NaN	3,746	1,000	793,000	431,000	960,000	373,333
280,000	510,000	790,000	1,149	49,020	92,309	4,000	65,673	17,510	13,579	15,390	64,872	250,000	0,000	132459,743	132500,743	132506,053	132506,339	132506,589	132506,859	0,000	48299,743	48300,743	48306,053	48306,339	48306,589	48306,859	21,489	0,928	19,788	0,632	25,000	0,000	70,243	70,866	1,000	956,000	414,000	960,000	373,333
350,000	640,000	990,000	3,313	70,312	98,589	4,000	64,842	19,794	9,248	19,722	64,897	450,000	0,000	132513,016	132514,016	132516,918	132517,279	132517,729	132517,929	0,000	48313,016	48314,016	48316,918	48317,279	48317,729	48317,929	24,920	2,166	24,846	2,165	25,000	0,000	0,620	0,611	1,000	1010,000	480,000	960,000	373,333
510,000	520,000	1030,000	2,852	40,385	111,472	4,000	67,214	20,120	14,162	14,808	64,539	210,000	0,000	132523,894	132524,894	132528,911	132529,429	132529,639	132529,958	0,000	48323,894	48324,894	48328,911	48329,429	48329,639	48329,958	24,048	1,631	19,458	1,164	25,000	0,000	72,530	68,939	1,000	1056,000	406,000	960,000	373,333
310,000	470,000	780,000	1,141	97,872	114,649	0,000	67,848	19,833	9,139	19,830	67,848	460,000	0,000	132534,719	132535,720	132540,500	132540,818	132541,278	132541,298	0,000	48334,719	48335,720	48340,500	48340,818	48341,278	48341,298	22,727	1,575	22,726	1,575	25,000	0,000	NaN	0,757	1,000	990,000	346,000	960,000	373,333
30,000	560,000	590,000	2,182	89,286	121,334	2,000	69,186	21,813	7,234	21,736	69,215	500,000	0,000	132549,342	132550,342	132554,462	132554,663	132555,163	132555,228	0,000	48349,342	48350,342	48354,462	48354,663	48355,163	48355,228	27,761	1,351	27,724	1,304	25,000	0,000	0,172	4,180	1,000	1034,000	350,000	960,000	373,333
360,000	490,000	850,000	1,286	95,918	77,801	1,000	64,488	18,411	10,566	18,404	64,488	470,000	0,000	132601,177	132602,177	132604,705	132605,069	132605,539	132605,570	0,000	48361,177	48362,177	48364,705	48365,069	48365,539	48365,570	21,658	2,081	21,655	2,081	25,000	0,000	NaN	0,742	1,000	962,000	419,000	960,000	373,333
260,000	400,000	660,000	5,408	55,000	106,148	2,000	68,823	22,727	12,162	16,808	67,936	220,000	0,000	132610,424	132611,425	132616,362	132616,629	132616,849	132617,040	0,000	48370,424	48371,425	48376,362	48376,629	48376,849	48377,040	25,799	1,747	21,067	0,606	25,000	0,000	91,782	94,611	1,000	1140,000	441,000	960,000	373,333
30,000	710,000	740,000	0,744	45,070	95,258	8,000	67,436	19,133	12,898	16,072	74,051	320,000	0,000	132623,076	132624,077	132628,343	132628,544	132628,864	132629,259	0,000	48383,076	48384,077	48388,343	48388,544	48388,864	48389,259	23,880	1,687	21,578	0,859	25,000	0,000	85,624	83,140	1,000	935,000	382,000	960,000	373,333
270,000	420,000	690,000	5,104	97,619	130,275	0,000	68,792	24,267	4,710	24,260	68,792	410,000	0,000	132636,188	132637,188	132640,496	132640,769	132641,179	132641,198	0,000	48396,188	48397,188	48400,496	48400,769	48401,179	48401,198	28,785	2,283	28,788	2,284	25,000	0,000	NaN	6,672	1,000	1128,000	442,000	960,000	373,333
220,000	670,000	890,000	4,880	43,284	61,957	4,000	60,016	14,506	18,204	10,766	60,580	290,000	0,000	132649,863	132650,863	132653,712	132653,939	132654,229	132654,618	0,000	48409,863	48410,863	48413,712	48413,939	48414,229	48414,618	19,464	1,885	16,264	1,029	25,000	0,000	55,892	55,318	1,000	795,000	427,000	960,000	373,333
250,000	530,000	780,000	1,056	98,113	100,491	0,000	65,692	19,278	9,695	19,275	65,692	520,000	0,000	132700,222	132701,223	132704,503	132704,760	132705,280	132705,300	0,000	48420,222	48421,223	48424,504	48424,760	48425,280	48425,300	23,430	1,997	23,429	1,997	25,000	0,000	NaN	0,015	1,000	996,000	384,000	960,000	373,333
