390,000	140,000	530,000	23,051	92,857	0,826	0,000	17,081	0,063	28,910	0,060	17,081	130,000	0,000	104539,425	104540,425	104544,433	104544,833	104544,963	104544,983	0,000	38739,425	38740,425	38744,434	38744,834	38744,964	38744,983	0,028	0,057	0,028	0,054	25,000	0,000	NaN	0,437	1,000	228,000	742,000	960,000	373,333
280,000	180,000	460,000	24,378	94,444	71,625	0,000	14,901	9,512	19,488	9,481	14,901	170,000	0,000	104552,976	104553,976	104557,437	104557,722	104557,892	104557,912	0,000	38752,976	38753,976	38757,437	38757,722	38757,892	38757,912	2,173	9,204	2,176	9,173	25,000	0,000	NaN	63,293	1,000	219,000	823,000	960,000	373,333
350,000	360,000	710,000	15,558	97,222	42,571	0,000	37,861	7,952	21,016	7,954	37,861	350,000	0,000	104604,865	104605,865	104611,018	104611,373	104611,723	104611,743	0,000	38764,865	38765,865	38771,018	38771,373	38771,723	38771,744	8,609	4,221	8,613	4,218	25,000	0,000	NaN	8,069	1,000	440,000	562,000	960,000	373,333
390,000	210,000	600,000	26,524	95,238	12,865	0,000	22,178	1,979	27,009	1,961	22,178	200,000	0,000	104617,245	104618,245	104623,442	104623,833	104624,033	104624,053	0,000	38777,245	38778,245	38783,442	38783,833	38784,033	38784,053	2,334	1,305	2,335	1,296	25,000	0,000	NaN	10,856	1,000	22,000	471,000	960,000	373,333
400,000	680,000	1080,000	8,163	38,235	28,499	4,000	55,810	11,067	25,837	3,133	41,644	260,000	0,000	104633,897	104634,897	104637,170	104637,574	104637,834	104638,263	0,000	38793,897	38794,897	38797,170	38797,574	38797,834	38798,263	15,274	1,490	6,078	0,255	25,000	0,000	8,220	14,061	1,000	683,000	460,000	960,000	373,333
260,000	730,000	990,000	3,929	41,096	57,973	2,000	64,873	21,416	20,447	8,523	59,818	300,000	0,000	104644,295	104645,295	104649,782	104650,043	104650,343	104650,783	0,000	38804,295	38805,296	38809,782	38810,043	38810,343	38810,783	24,440	3,742	11,872	0,951	25,000	0,000	39,832	39,513	1,000	1049,000	481,000	960,000	373,333
310,000	640,000	950,000	4,746	73,437	65,312	2,000	63,271	14,930	14,542	14,427	63,463	470,000	0,000	104657,991	104658,991	104701,208	104701,523	104701,993	104702,174	0,000	38817,991	38818,991	38821,208	38821,523	38821,993	38822,174	18,621	1,407	18,222	1,181	25,000	0,000	1,699	0,019	1,000	794,000	343,000	960,000	373,333
280,000	490,000	770,000	6,504	67,347	50,924	2,000	58,354	13,390	18,090	10,880	58,138	330,000	0,000	104709,475	104710,475	104714,056	104714,345	104714,675	104714,843	0,000	38829,475	38830,475	38834,056	38834,345	38834,675	38834,843	16,483	2,503	14,276	1,984	25,000	0,000	32,312	39,165	1,000	746,000	461,000	960,000	373,333
350,000	530,000	880,000	6,691	47,170	37,164	4,000	58,967	12,995	23,163	5,807	53,163	250,000	0,000	104720,504	104721,503	104727,385	104727,742	104727,992	104728,284	0,000	38840,504	38841,503	38847,385	38847,743	38847,993	38848,284	16,092	2,225	8,868	0,648	25,000	0,000	9,503	27,133	1,000	728,000	426,000	960,000	373,333
360,000	740,000	1100,000	5,502	14,865	32,710	8,000	58,688	14,355	27,590	1,380	31,594	110,000	0,000	104735,606	104736,606	104742,526	104742,893	104743,003	104743,643	0,000	38855,606	38856,606	38862,526	38862,893	38863,003	38863,643	17,580	2,869	2,227	0,516	25,000	0,000	10,894	12,586	1,000	769,000	331,000	960,000	373,333
290,000	840,000	1130,000	5,247	33,333	42,803	6,000	60,071	20,218	21,196	7,774	52,186	280,000	0,000	104750,416	104751,416	104754,092	104754,384	104754,664	104755,234	0,000	38870,416	38871,416	38874,092	38874,384	38874,664	38875,234	23,121	5,232	10,760	1,947	25,000	0,000	31,820	33,600	1,000	969,000	187,000	960,000	373,333
290,000	610,000	900,000	4,862	50,820	48,366	4,000	58,377	15,165	21,984	6,986	55,010	310,000	0,000	104800,644	104801,644	104806,207	104806,504	104806,814	104807,123	0,000	38880,644	38881,644	38886,207	38886,504	38886,814	38887,123	18,735	3,068	11,083	0,553	25,000	0,000	19,103	35,125	1,000	812,000	284,000	960,000	373,333
340,000	720,000	1060,000	4,639	34,722	36,157	6,000	59,874	15,607	24,850	4,120	44,897	250,000	0,000	104812,280	104813,280	104816,379	104816,724	104816,974	104817,452	0,000	38892,280	38893,280	38896,379	38896,724	38896,974	38897,452	19,184	2,926	6,705	0,741	25,000	0,000	9,531	20,650	1,000	822,000	283,000	960,000	373,333
290,000	510,000	800,000	9,712	98,039	35,449	0,000	52,837	9,627	19,343	9,627	52,837	500,000	0,000	104822,577	104823,577	104827,069	104827,363	104827,863	104827,884	0,000	38902,577	38903,577	38907,069	38907,363	38907,863	38907,884	14,797	1,154	14,799	1,154	25,000	0,000	NaN	6,622	1,000	624,000	453,000	960,000	373,333
350,000	840,000	1190,000	4,594	35,714	39,244	6,000	60,966	19,933	22,508	6,462	52,100	300,000	0,000	104834,587	104835,587	104838,322	104838,673	104838,973	104839,522	0,000	38914,587	38915,587	38918,322	38918,673	38918,973	38919,522	23,349	4,558	9,981	0,938	25,000	0,000	23,380	28,024	1,000	962,000	210,000	960,000	373,333
270,000	930,000	1200,000	5,054	25,806	35,728	6,000	60,764	19,380	24,587	4,383	44,506	240,000	0,000	104844,683	104845,683	104849,590	104849,864	104850,103	104850,803	0,000	38924,683	38925,683	38929,590	38929,864	38930,104	38930,803	22,276	4,641	6,438	1,224	25,000	0,000	18,835	20,443	1,000	938,000	195,000	960,000	373,333
290,000	1140,000	1430,000	3,655	24,561	18,055	12,000	61,405	15,482	26,274	2,695	34,537	280,000	0,000	104858,880	104859,881	104904,051	104904,343	104904,623	104905,493	0,000	38938,880	38939,881	38944,051	38944,343	38944,623	38945,494	19,556	2,678	4,056	1,030	25,000	0,000	7,726	10,066	1,000	862,000	288,000	960,000	373,333
350,000	740,000	1090,000	3,010	33,784	34,153	6,000	62,460	17,145	23,994	4,976	46,931	250,000	0,000	104912,241	104913,240	104916,905	104917,264	104917,514	104918,015	0,000	38952,241	38953,241	38956,905	38957,264	38957,514	38958,015	20,534	2,841	7,160	1,198	25,000	0,000	16,595	23,061	1,000	886,000	296,000	960,000	373,333
330,000	750,000	1080,000	1,513	36,000	42,333	6,000	62,316	18,395	22,134	6,836	52,423	270,000	0,000	104924,835	104925,834	104929,814	104930,155	104930,425	104930,914	0,000	38964,835	38965,834	38969,814	38970,155	38970,425	38970,914	22,053	3,179	10,011	1,167	25,000	0,000	27,561	32,738	1,000	953,000	320,000	960,000	373,333
320,000	810,000	1130,000	4,960	41,975	70,627	5,000	65,120	22,498	13,360	15,610	62,911	340,000	0,000	104936,642	104937,643	104939,654	104939,983	104940,323	104940,803	0,000	38976,642	38977,643	38979,654	38979,983	38980,323	38980,803	25,819	3,741	19,034	3,139	25,000	0,000	53,696	52,398	1,000	1088,000	252,000	960,000	373,333
280,000	650,000	930,000	2,882	41,538	37,044	6,000	61,703	16,331	22,395	6,575	53,223	270,000	0,000	104947,599	104948,599	104953,288	104953,574	104953,844	104954,233	0,000	38987,599	38988,599	38993,288	38993,574	38993,844	38994,233	19,073	2,953	9,037	1,054	25,000	0,000	18,433	30,260	1,000	860,000	351,000	960,000	373,333
30,000	790,000	820,000	5,249	41,772	29,795	8,000	61,286	13,648	24,808	4,162	46,028	330,000	0,000	105000,408	105001,408	105005,969	105006,170	105006,500	105006,963	0,000	39000,408	39001,408	39005,969	39006,170	39006,500	39006,963	18,399	1,269	7,523	0,499	25,000	0,000	12,386	18,621	1,000	774,000	358,000	960,000	373,333
300,000	490,000	790,000	6,846	59,184	52,006	2,000	56,926	14,600	19,901	9,069	53,750	290,000	0,000	105014,138	105015,138	105020,026	105020,334	105020,624	105020,833	0,000	39014,138	39015,138	39020,026	39020,334	39020,624	39020,833	17,722	3,546	12,324	2,406	25,000	0,000	26,187	43,175	1,000	757,000	239,000	960,000	373,333
330,000	770,000	1100,000	3,758	25,974	37,206	8,000	60,460	16,402	26,034	2,936	37,078	200,000	0,000	105026,199	105027,199	105030,733	105031,075	105031,275	105031,854	0,000	39026,199	39027,199	39030,733	39031,075	39031,275	39031,854	20,477	2,955	4,929	0,837	25,000	0,000	8,512	16,888	1,000	847,000	302,000	960,000	373,333
330,000	840,000	1170,000	5,439	20,238	31,984	10,000	59,272	14,916	27,114	1,856	32,960	170,000	0,000	105038,430	105039,430	105044,152	105044,494	105044,664	105045,343	0,000	39038,430	39039,430	39044,153	39044,494	39044,664	39045,343	19,549	2,616	3,882	0,574	25,000	0,000	11,404	12,492	1,000	789,000	283,000	960,000	373,333
350,000	910,000	1260,000	4,655	21,978	24,743	10,000	61,678	13,887	27,009	1,961	34,799	200,000	0,000	105050,852	105051,851	105056,214	105056,573	105056,773	105057,493	0,000	39050,852	39051,851	39056,214	39056,573	39056,773	39057,493	18,255	1,210	3,573	0,377	25,000	0,000	5,497	10,336	1,000	796,000	351,000	960,000	373,333
350,000	730,000	1080,000	4,141	47,945	33,762	8,000	63,351	14,640	23,017	5,953	54,099	350,000	0,000	105102,721	105103,722	105107,777	105108,133	105108,483	105108,873	0,000	39062,721	39063,722	39067,777	39068,133	39068,483	39068,873	18,732	1,125	9,172	0,566	25,000	0,000	8,797	17,783	1,000	819,000	331,000	960,000	373,333
410,000	680,000	1090,000	7,781	47,059	53,260	4,000	57,269	13,623	17,752	11,218	58,822	320,000	0,000	105116,990	105117,990	105122,715	105123,134	105123,454	105123,823	0,000	39076,990	39077,990	39082,715	39083,134	39083,454	39083,823	15,751	3,094	13,748	2,309	25,000	0,000	41,479	44,894	1,000	705,000	266,000	960,000	373,333
320,000	970,000	1290,000	4,155	13,402	25,002	12,000	63,915	14,435	27,800	1,170	34,068	130,000	0,000	105129,148	105130,150	105134,535	105134,863	105134,992	105135,843	0,000	39089,148	39090,150	39094,536	39094,863	39094,993	39095,843	18,594	1,013	2,282	0,242	25,000	0,000	4,836	9,754	1,000	815,000	345,000	960,000	373,333
350,000	1080,000	1430,000	6,485	17,593	19,579	14,000	57,157	13,687	27,634	1,336	30,097	190,000	0,000	105147,852	105148,852	105154,027	105154,383	105154,573	105155,474	0,000	39107,852	39108,852	39114,027	39114,383	39114,573	39115,474	17,858	2,847	3,144	0,254	25,000	0,000	2,478	7,746	1,000	748,000	464,000	960,000	373,333
360,000	800,000	1160,000	8,808	20,000	28,236	8,000	49,819	13,358	26,182	2,787	32,099	160,000	0,000	105203,453	105204,453	105207,448	105207,813	105207,973	105208,623	0,000	39123,453	39124,453	39127,448	39127,813	39127,973	39128,623	15,387	5,233	3,995	1,414	25,000	0,000	11,396	13,975	1,000	654,000	440,000	960,000	373,333
350,000	940,000	1290,000	8,476	14,894	19,037	10,000	57,366	11,060	28,116	0,853	25,243	140,000	0,000	105215,743	105216,743	105219,444	105219,804	105219,944	105220,753	0,000	39135,743	39136,743	39139,444	39139,804	39139,944	39140,753	15,895	1,237	2,266	0,191	25,000	0,000	1,835	6,743	1,000	659,000	388,000	960,000	373,333
350,000	840,000	1190,000	10,796	15,476	24,451	6,000	54,275	9,248	28,512	0,458	21,238	130,000	0,000	105226,052	105227,053	105230,539	105230,894	105231,023	105231,743	0,000	39146,052	39147,053	39150,539	39150,894	39151,024	39151,743	13,671	1,210	1,411	0,066	25,000	0,000	0,145	3,743	1,000	577,000	399,000	960,000	373,333
300,000	870,000	1170,000	8,937	19,540	23,829	6,000	53,158	11,816	27,561	1,409	26,944	170,000	0,000	105239,455	105240,455	105245,101	105245,403	105245,573	105246,283	0,000	39159,455	39160,455	39165,101	39165,403	39165,573	39166,283	15,050	3,124	2,365	0,587	25,000	0,000	1,580	5,953	1,000	646,000	422,000	960,000	373,333
390,000	1040,000	1430,000	9,144	27,885	22,185	8,000	53,444	11,795	26,789	2,181	33,395	290,000	0,000	105253,414	105254,415	105257,522	105257,923	105258,213	105258,973	0,000	39173,415	39174,415	39177,522	39177,923	39178,213	39178,973	15,723	2,897	4,583	0,518	25,000	0,000	6,763	8,208	1,000	646,000	289,000	960,000	373,333
330,000	1100,000	1430,000	4,607	41,818	22,021	7,000	63,346	13,842	25,688	3,282	41,722	460,000	0,000	105304,912	105305,912	105310,639	105310,973	105311,433	105312,083	0,000	39184,912	39185,912	39190,639	39190,973	39191,433	39192,083	19,190	0,720	6,379	0,422	25,000	0,000	3,182	12,383	1,000	797,000	357,000	960,000	373,333
380,000	730,000	1110,000	5,971	24,658	28,835	4,000	58,856	13,682	26,459	2,511	39,611	180,000	0,000	105317,798	105318,798	105323,826	105324,214	105324,394	105324,952	0,000	39197,798	39198,798	39203,827	39204,214	39204,394	39204,952	17,245	2,422	4,618	0,393	25,000	0,000	10,570	14,920	1,000	748,000	362,000	960,000	373,333
320,000	920,000	1240,000	9,072	16,304	24,549	9,000	55,207	10,597	27,611	1,359	28,872	150,000	0,000	105330,874	105331,874	105337,461	105337,783	105337,933	105338,713	0,000	39210,874	39211,874	39217,461	39217,783	39217,933	39218,713	14,681	1,632	2,657	0,438	25,000	0,000	10,758	10,950	1,000	639,000	405,000	960,000	373,333
380,000	960,000	1340,000	4,691	14,583	27,307	10,000	62,435	14,722	27,747	1,222	32,025	140,000	0,000	105346,008	105347,008	105352,540	105352,923	105353,063	105353,894	0,000	39226,008	39227,008	39232,540	39232,923	39233,063	39233,894	19,015	1,661	2,718	0,172	25,000	0,000	3,673	8,915	1,000	796,000	343,000	960,000	373,333
330,000	910,000	1240,000	7,401	17,582	29,426	6,000	55,896	13,125	27,672	1,298	30,517	160,000	0,000	105400,636	105401,637	105405,991	105406,323	105406,483	105407,243	0,000	39240,637	39241,637	39245,991	39246,323	39246,483	39247,243	16,678	3,066	2,911	0,256	25,000	0,000	8,116	7,414	1,000	700,000	414,000	960,000	373,333
310,000	1120,000	1430,000	5,755	17,857	24,217	12,000	56,683	14,366	27,845	1,124	26,987	200,000	0,000	105413,645	105414,645	105419,862	105420,182	105420,383	105421,313	0,000	39253,645	39254,645	39259,862	39260,183	39260,383	39261,313	17,747	3,598	2,081	0,387	25,000	0,000	4,790	4,223	1,000	757,000	399,000	960,000	373,333
360,000	1040,000	1400,000	2,422	14,423	41,224	12,000	56,775	18,631	27,730	1,239	24,902	150,000	0,000	105427,369	105428,370	105430,660	105431,022	105431,172	105432,073	0,000	39267,369	39268,370	39270,660	39271,022	39271,172	39272,073	22,388	5,402	2,543	0,482	25,000	0,000	4,733	8,591	1,000	887,000	419,000	960,000	373,333
260,000	1170,000	1430,000	1,746	13,675	31,023	11,000	58,396	20,536	27,016	1,954	31,183	160,000	0,000	105438,190	105439,191	105443,041	105443,303	105443,462	105444,483	0,000	39278,190	39279,191	39283,041	39283,303	39283,463	39284,483	23,960	5,936	3,681	0,689	25,000	0,000	8,718	8,873	1,000	953,000	435,000	960,000	373,333
370,000	890,000	1260,000	3,162	17,978	31,954	10,000	59,950	17,552	27,874	1,096	27,082	160,000	0,000	105450,488	105451,488	105457,434	105457,813	105457,973	105458,713	0,000	39290,488	39291,488	39297,434	39297,813	39297,973	39298,713	21,996	3,769	2,814	0,268	25,000	0,000	3,731	7,224	1,000	866,000	435,000	960,000	373,333
410,000	920,000	1330,000	4,337	52,174	29,869	4,000	58,424	16,247	20,144	8,826	51,679	480,000	0,000	105504,761	105505,761	105509,757	105510,172	105510,652	105511,103	0,000	39304,761	39305,761	39309,757	39310,172	39310,652	39311,103	19,973	3,798	12,285	2,169	25,000	0,000	14,039	19,467	1,000	820,000	438,000	960,000	373,333
400,000	910,000	1310,000	5,454	16,484	52,613	8,000	58,282	27,161	26,920	2,050	31,932	150,000	0,000	105517,263	105518,264	105523,714	105524,124	105524,274	105525,043	0,000	39317,263	39318,264	39323,714	39324,124	39324,274	39325,043	29,644	9,451	3,991	0,667	25,000	0,000	15,104	14,320	1,000	1152,000	346,000	960,000	373,333
370,000	880,000	1250,000	3,295	30,682	37,490	8,000	54,380	18,385	24,234	4,735	41,957	270,000	0,000	105531,528	105532,528	105538,099	105538,474	105538,744	105539,363	0,000	39331,528	39332,528	39338,099	39338,474	39338,744	39339,363	21,100	6,413	7,583	1,448	25,000	0,000	13,534	20,420	1,000	850,000	333,000	960,000	373,333
310,000	890,000	1200,000	3,432	22,472	45,578	4,000	55,127	18,081	27,121	1,849	27,946	200,000	0,000	105545,424	105546,424	105549,530	105549,843	105550,043	105550,743	0,000	39345,424	39346,424	39349,531	39349,843	39350,043	39350,743	21,068	6,048	3,170	0,894	25,000	0,000	0,991	6,099	1,000	838,000	376,000	960,000	373,333
420,000	670,000	1090,000	3,284	26,866	47,748	4,000	58,726	19,097	25,418	3,552	31,290	180,000	0,000	105557,526	105558,526	105603,586	105604,012	105604,193	105604,694	0,000	39357,526	39358,526	39363,586	39364,013	39364,193	39364,694	22,980	5,177	4,823	2,112	25,000	0,000	5,094	15,862	1,000	894,000	277,000	960,000	373,333
370,000	650,000	1020,000	4,815	23,077	60,201	4,000	49,811	20,423	26,524	2,446	30,963	150,000	0,000	105610,343	105611,344	105617,089	105617,462	105617,612	105618,132	0,000	39370,343	39371,344	39377,089	39377,462	39377,612	39378,132	21,772	9,338	4,383	1,026	25,000	0,000	12,932	14,835	1,000	849,000	243,000	960,000	373,333
290,000	740,000	1030,000	5,337	21,622	49,447	6,000	47,217	24,616	24,062	4,908	30,118	160,000	0,000	105623,883	105624,883	105630,213	105630,513	105630,673	105631,262	0,000	39383,883	39384,883	39390,213	39390,513	39390,673	39391,262	24,637	12,944	5,779	3,306	25,000	0,000	14,741	26,743	1,000	966,000	563,000	960,000	373,333
320,000	570,000	890,000	8,175	36,842	40,903	4,000	50,465	13,419	24,646	4,324	36,227	210,000	0,000	105637,452	105638,452	105643,422	105643,753	105643,963	105644,333	0,000	39397,452	39398,452	39403,422	39403,753	39403,963	39404,333	16,149	4,868	6,163	2,140	25,000	0,000	0,427	15,625	1,000	670,000	393,000	960,000	373,333
310,000	960,000	1270,000	5,991	18,750	27,755	6,000	57,569	14,258	27,369	1,601	30,206	180,000	0,000	105650,779	105651,780	105657,677	105657,994	105658,174	105658,963	0,000	39410,779	39411,780	39417,677	39417,994	39418,174	39418,963	18,086	3,095	3,090	0,526	25,000	0,000	5,845	8,026	1,000	747,000	370,000	960,000	373,333
280,000	790,000	1070,000	5,356	35,443	32,322	6,000	52,533	16,403	24,009	4,961	35,114	280,000	0,000	105705,298	105706,298	105711,470	105711,753	105712,033	105712,553	0,000	39425,298	39426,298	39431,470	39431,753	39432,033	39432,553	19,522	5,709	6,623	2,592	25,000	0,000	8,020	14,568	1,000	792,000	463,000	960,000	373,333
280,000	880,000	1160,000	3,579	19,318	36,014	8,000	60,969	16,487	26,977	1,993	26,844	170,000	0,000	105719,253	105720,253	105723,340	105723,623	105723,793	105724,513	0,000	39439,253	39440,253	39443,340	39443,623	39443,793	39444,513	21,431	2,813	3,304	1,075	25,000	0,000	10,803	10,650	1,000	836,000	402,000	960,000	373,333
340,000	800,000	1140,000	1,793	21,250	54,634	6,000	64,069	19,739	25,825	3,145	34,305	170,000	0,000	105731,373	105732,373	105734,635	105734,983	105735,153	105735,793	0,000	39451,373	39452,373	39454,635	39454,983	39455,153	39455,793	26,017	2,589	6,057	1,333	25,000	0,000	12,776	14,733	1,000	963,000	437,000	960,000	373,333
270,000	710,000	980,000	4,670	22,535	45,716	8,000	52,220	16,994	26,658	2,312	25,949	160,000	0,000	105743,010	105744,011	105748,276	105748,553	105748,713	105749,273	0,000	39463,010	39464,011	39468,276	39468,553	39468,713	39469,273	19,773	6,301	3,174	1,443	25,000	0,000	12,010	15,149	1,000	794,000	377,000	960,000	373,333
250,000	1030,000	1280,000	7,374	13,592	27,782	10,000	50,050	14,702	27,368	1,602	21,801	140,000	0,000	105756,754	105757,755	105803,205	105803,463	105803,603	105804,504	0,000	39476,754	39477,755	39483,205	39483,463	39483,603	39484,504	17,411	5,709	2,221	1,067	25,000	0,000	11,843	12,757	1,000	702,000	420,000	960,000	373,333
330,000	790,000	1120,000	3,950	17,722	35,408	10,000	48,002	19,973	25,067	3,902	24,633	140,000	0,000	105811,912	105812,913	105816,592	105816,933	105817,073	105817,733	0,000	39491,912	39492,913	39496,592	39496,934	39497,074	39497,733	20,844	9,678	3,528	2,953	25,000	0,000	11,580	25,219	1,000	843,000	451,000	960,000	373,333
390,000	1000,000	1390,000	4,226	31,000	31,294	8,000	51,622	20,624	23,823	5,147	43,642	310,000	0,000	105827,001	105828,002	105832,995	105833,393	105833,703	105834,403	0,000	39507,002	39508,002	39512,995	39513,393	39513,703	39514,403	21,968	9,089	8,200	1,581	25,000	0,000	13,957	17,777	1,000	870,000	253,000	960,000	373,333
