910,000	110,000	1020,000	23,669	0,000	0,767	0,000	16,725	0,036	28,970	0,000	16,634	0,000	0,000	160820,472	160821,472	160824,419	160825,334	160825,334	160825,454	0,000	58100,472	58101,472	58104,419	58105,334	58105,334	58105,454	0,030	0,029	0,000	0,000	25,000	0,000	0,309	NaN	1,000	119,000	404,000	960,000	373,333
740,000	690,000	1430,000	23,637	18,841	1,908	9,000	17,834	0,561	28,914	0,056	14,705	130,000	0,000	160835,920	160836,920	160839,069	160839,815	160839,945	160840,514	0,000	58115,920	58116,920	58119,069	58119,815	58119,945	58120,514	0,758	0,366	0,047	0,048	25,000	0,000	0,148	0,005	1,000	120,000	347,000	960,000	373,333
470,000	40,000	510,000	25,412	0,000	0,732	0,000	8,209	0,033	28,967	0,003	8,231	0,000	0,000	160856,124	160857,125	160902,311	160902,784	160902,784	160902,834	0,000	58136,124	58137,125	58142,311	58142,784	58142,784	58142,834	0,000	0,029	0,000	0,003	25,000	0,000	0,033	NaN	1,000	57,000	405,000	960,000	373,333
540,000	720,000	1260,000	24,089	40,278	11,733	8,000	13,627	5,242	26,936	2,034	12,434	290,000	0,000	160909,563	160910,563	160916,161	160916,704	160916,994	160917,434	0,000	58149,563	58150,563	58156,161	58156,704	58156,994	58157,434	1,438	5,047	0,426	1,993	25,000	0,000	3,374	5,329	1,000	128,000	170,000	960,000	373,333
390,000	620,000	1010,000	28,269	46,774	58,226	7,000	12,570	8,626	20,594	8,376	11,385	290,000	0,000	160929,564	160930,565	160934,760	160935,154	160935,444	160935,783	0,000	58169,564	58170,565	58174,760	58175,154	58175,444	58175,784	1,912	8,412	1,520	8,240	25,000	0,000	2,057	2,739	1,000	26,000	2,000	960,000	373,333
340,000	810,000	1150,000	27,069	22,222	36,080	6,000	10,882	9,009	25,169	3,801	13,816	180,000	0,000	160940,233	160941,232	160944,319	160944,665	160944,845	160945,484	0,000	58180,233	58181,232	58184,319	58184,665	58184,845	58185,484	0,929	9,029	0,590	3,782	25,000	0,000	21,886	21,702	1,000	70,000	7,000	960,000	373,333
430,000	530,000	960,000	27,144	30,189	39,886	6,000	10,346	10,187	26,292	2,678	11,980	160,000	0,000	160950,262	160951,262	160954,949	160955,384	160955,544	160955,925	0,000	58190,262	58191,262	58194,949	58195,384	58195,544	58195,925	1,450	10,093	0,500	2,631	25,000	0,000	3,218	15,655	1,000	70,000	0,000	960,000	373,333
760,000	670,000	1430,000	23,352	52,239	26,248	4,000	16,066	7,127	27,400	1,570	19,977	350,000	0,000	161000,448	161001,449	161004,250	161005,014	161005,364	161005,695	0,000	58200,448	58201,449	58204,250	58205,015	58205,365	58205,695	2,249	6,758	1,484	1,179	25,000	0,000	12,828	5,162	1,000	176,000	100,000	960,000	373,333
440,000	680,000	1120,000	27,144	39,706	39,107	4,000	11,919	10,778	26,223	2,747	10,741	270,000	0,000	161010,290	161011,290	161014,079	161014,525	161014,795	161015,214	0,000	58210,290	58211,290	58214,079	58214,525	58214,795	58215,214	2,396	10,518	0,424	2,717	25,000	0,000	12,933	14,087	1,000	70,000	0,000	960,000	373,333
520,000	320,000	840,000	27,144	34,375	54,181	2,000	11,880	9,233	26,818	2,151	14,265	110,000	0,000	161020,295	161021,296	161023,714	161024,245	161024,355	161024,574	0,000	58220,295	58221,296	58223,714	58224,245	58224,355	58224,574	1,100	9,237	0,135	2,192	25,000	0,000	11,502	19,776	1,000	70,000	0,000	960,000	373,333
490,000	340,000	830,000	27,144	97,059	61,043	0,000	11,017	9,512	19,451	9,519	11,017	330,000	0,000	161029,025	161030,025	161033,559	161034,054	161034,384	161034,404	0,000	58229,025	58230,025	58233,559	58234,054	58234,384	58234,404	1,890	9,318	1,889	9,332	25,000	0,000	NaN	26,620	1,000	70,000	0,000	960,000	373,333
380,000	530,000	910,000	20,910	39,623	18,943	5,000	23,125	6,156	26,169	2,800	22,928	210,000	0,000	161038,858	161039,858	161044,244	161044,635	161044,845	161045,174	0,000	58238,858	58239,858	58244,244	58244,635	58244,845	58245,174	3,797	5,155	2,377	2,147	25,000	0,000	9,744	14,195	1,000	238,000	196,000	960,000	373,333
310,000	640,000	950,000	19,098	25,000	24,002	6,000	29,191	7,871	26,740	2,229	24,502	160,000	0,000	161050,516	161051,516	161054,919	161055,234	161055,394	161055,884	0,000	58250,516	58251,516	58254,919	58255,235	58255,395	58255,884	6,301	5,850	2,525	1,517	25,000	0,000	13,556	13,143	1,000	317,000	155,000	960,000	373,333
1220,000	210,000	1430,000	23,389	80,952	8,030	1,000	33,751	1,096	28,222	0,748	34,146	170,000	0,000	161101,783	161102,783	161108,623	161109,845	161110,015	161110,065	0,000	58261,783	58262,784	58268,623	58269,845	58270,015	58270,065	0,485	1,034	0,250	0,771	25,000	0,000	0,433	3,984	1,000	139,000	241,000	960,000	373,333
280,000	410,000	690,000	19,439	34,146	24,772	4,000	31,118	6,230	26,818	2,151	29,825	140,000	0,000	161116,349	161117,348	161121,212	161121,494	161121,634	161121,914	0,000	58276,349	58277,348	58281,212	58281,494	58281,634	58281,914	5,542	4,309	3,098	1,154	25,000	0,000	9,420	15,896	1,000	297,000	178,000	960,000	373,333
440,000	280,000	720,000	23,462	96,429	59,371	0,000	18,929	9,418	19,583	9,387	18,929	270,000	0,000	161126,376	161127,376	161132,948	161133,394	161133,664	161133,684	0,000	58286,376	58287,376	58292,949	58293,394	58293,664	58293,684	3,470	8,782	3,428	8,801	25,000	0,000	NaN	44,915	1,000	214,000	0,000	960,000	373,333
390,000	470,000	860,000	19,923	34,043	46,829	5,000	32,766	13,920	25,088	3,881	18,016	160,000	0,000	161138,144	161139,144	161142,885	161143,285	161143,445	161143,764	0,000	58298,144	58299,144	58302,885	58303,285	58303,445	58303,764	10,401	10,377	1,259	3,691	25,000	0,000	6,063	24,402	1,000	358,000	0,000	960,000	373,333
380,000	470,000	850,000	11,272	27,660	31,256	4,000	51,439	8,836	27,291	1,678	29,371	130,000	0,000	161148,371	161149,372	161154,743	161155,125	161155,255	161155,604	0,000	58308,371	58309,372	58314,743	58315,125	58315,255	58315,604	12,910	1,493	3,276	0,584	25,000	0,000	0,606	11,936	1,000	567,000	452,000	960,000	373,333
250,000	580,000	830,000	14,352	77,586	28,763	2,000	41,706	9,604	20,607	8,363	40,642	450,000	0,000	161201,045	161202,045	161204,173	161204,424	161204,874	161205,014	0,000	58321,045	58322,045	58324,173	58324,424	58324,874	58325,014	10,524	4,868	9,392	4,371	25,000	0,000	7,020	15,664	1,000	483,000	192,000	960,000	373,333
300,000	700,000	1000,000	11,906	87,143	32,396	2,000	53,096	8,374	20,626	8,344	53,045	610,000	0,000	161209,471	161210,471	161216,234	161216,543	161217,153	161217,254	0,000	58329,471	58330,471	58336,234	58336,544	58337,154	58337,254	12,573	1,097	12,541	1,097	25,000	0,000	0,289	0,066	1,000	538,000	407,000	960,000	373,333
210,000	770,000	980,000	3,979	62,338	49,715	2,000	60,060	17,992	16,340	12,630	57,348	480,000	0,000	161222,759	161223,758	161226,337	161226,554	161227,033	161227,334	0,000	58342,759	58343,759	58346,337	58346,554	58347,034	58347,334	21,825	4,079	16,545	3,081	25,000	0,000	38,466	37,196	1,000	880,000	490,000	960,000	373,333
310,000	580,000	890,000	3,515	24,138	48,648	4,000	62,157	16,684	27,130	1,840	37,262	140,000	0,000	161231,780	161232,780	161235,932	161236,245	161236,385	161236,833	0,000	58351,780	58352,780	58355,932	58356,245	58356,385	58356,833	20,875	2,448	3,959	0,174	25,000	0,000	3,189	13,992	1,000	869,000	459,000	960,000	373,333
140,000	1020,000	1160,000	11,493	16,667	24,224	10,000	47,565	11,262	27,461	1,509	28,555	170,000	0,000	161243,895	161244,894	161247,714	161247,914	161248,084	161248,944	0,000	58363,895	58364,894	58367,714	58367,914	58368,084	58368,944	13,641	4,360	3,063	0,515	25,000	0,000	11,322	11,219	1,000	583,000	531,000	960,000	373,333
340,000	560,000	900,000	12,242	21,429	25,574	6,000	49,735	8,856	27,269	1,701	32,023	120,000	0,000	161253,392	161254,393	161300,109	161300,456	161300,576	161301,024	0,000	58373,393	58374,393	58380,109	58380,456	58380,576	58381,024	11,450	2,393	2,897	0,595	25,000	0,000	10,465	13,365	1,000	534,000	284,000	960,000	373,333
370,000	300,000	670,000	14,963	96,667	22,060	0,000	48,852	4,092	24,877	4,092	48,852	290,000	0,000	161307,176	161308,176	161310,442	161310,816	161311,106	161311,124	0,000	58387,176	58388,176	58390,442	58390,816	58391,106	58391,124	5,488	0,478	5,490	0,478	25,000	0,000	NaN	7,060	1,000	428,000	374,000	960,000	373,333
350,000	800,000	1150,000	9,717	56,250	40,537	5,000	51,862	11,530	18,291	10,679	51,957	450,000	0,000	161315,784	161316,784	161322,354	161322,713	161323,163	161323,524	0,000	58395,784	58396,784	58402,354	58402,713	58403,163	58403,524	15,893	2,869	15,219	2,645	25,000	0,000	23,790	24,692	1,000	641,000	506,000	960,000	373,333
540,000	600,000	1140,000	19,583	25,000	25,189	6,000	26,904	8,290	26,818	2,152	23,644	150,000	0,000	161327,983	161328,983	161333,283	161333,823	161333,973	161334,434	0,000	58407,983	58408,983	58413,283	58413,824	58413,974	58414,434	5,653	6,644	2,142	1,584	25,000	0,000	10,040	15,368	1,000	308,000	129,000	960,000	373,333
460,000	570,000	1030,000	19,923	40,351	36,845	3,000	26,889	11,987	23,102	5,868	24,429	230,000	0,000	161338,885	161339,886	161345,139	161345,606	161345,836	161346,184	0,000	58418,885	58419,886	58425,139	58425,606	58425,836	58426,184	7,233	9,928	3,797	4,840	25,000	0,000	29,644	29,756	1,000	358,000	0,000	960,000	373,333
3010,000	20,000	3030,000	24,779	0,000	0,000	0,000	12,180	0,000	28,970	0,000	12,180	0,000	0,000	161350,646	161351,646	161353,666	161356,684	161356,684	161356,714	0,000	58430,646	58431,646	58433,666	58436,684	58436,684	58436,714	0,000	0,000	0,000	0,000	25,000	0,000	NaN	NaN	1,000	79,000	366,000	960,000	373,333
420,000	580,000	1000,000	2,133	44,828	48,047	4,000	64,191	16,366	22,999	5,971	53,663	260,000	0,000	161403,095	161404,095	161406,338	161406,765	161407,025	161407,353	0,000	58443,095	58444,095	58446,338	58446,765	58447,025	58447,354	20,652	1,492	9,521	0,559	25,000	0,000	10,956	30,837	1,000	885,000	362,000	960,000	373,333
390,000	500,000	890,000	7,032	28,000	38,116	4,000	59,654	11,989	26,917	2,053	38,567	140,000	0,000	161413,717	161414,716	161417,596	161417,995	161418,135	161418,504	0,000	58453,717	58454,716	58457,596	58457,995	58458,135	58458,504	15,898	1,186	3,939	0,293	25,000	0,000	4,128	14,626	1,000	714,000	418,000	960,000	373,333
330,000	500,000	830,000	3,298	82,000	60,119	2,000	65,057	15,393	14,161	14,808	65,611	410,000	0,000	161422,951	161423,951	161426,504	161426,844	161427,254	161427,354	0,000	58462,951	58463,951	58466,504	58466,844	58467,254	58467,354	20,251	0,703	19,865	0,657	25,000	0,000	25,170	37,903	1,000	843,000	381,000	960,000	373,333
340,000	680,000	1020,000	4,369	50,000	69,138	3,000	60,049	17,340	15,680	13,290	59,525	340,000	0,000	161433,270	161434,271	161436,495	161436,846	161437,186	161437,535	0,000	58473,270	58474,271	58476,495	58476,846	58477,186	58477,535	20,786	3,797	17,128	3,086	25,000	0,000	62,035	60,367	1,000	866,000	497,000	960,000	373,333
470,000	560,000	1030,000	3,116	98,214	63,517	0,000	63,224	16,439	12,533	16,437	63,224	550,000	0,000	161441,981	161442,983	161447,693	161448,164	161448,714	161448,734	0,000	58481,981	58482,983	58487,693	58488,164	58488,714	58488,734	20,477	2,055	20,476	2,054	25,000	0,000	NaN	1,009	1,000	866,000	432,000	960,000	373,333
410,000	450,000	860,000	3,222	97,778	89,244	0,000	61,964	18,022	10,950	18,020	61,964	440,000	0,000	161459,202	161500,202	161503,289	161503,705	161504,145	161504,165	0,000	58499,202	58500,202	58503,289	58503,705	58504,145	58504,165	21,378	3,377	21,378	3,377	25,000	0,000	NaN	4,253	1,000	897,000	469,000	960,000	373,333
380,000	500,000	880,000	4,207	98,000	81,039	0,000	60,495	17,917	11,053	17,916	60,495	490,000	0,000	161508,772	161509,772	161512,448	161512,834	161513,324	161513,344	0,000	58508,772	58509,772	58512,448	58512,834	58513,324	58513,344	21,178	3,798	21,179	3,795	25,000	0,000	NaN	0,013	1,000	897,000	509,000	960,000	373,333
390,000	440,000	830,000	4,852	70,455	69,186	2,000	59,616	15,071	15,868	13,102	59,579	310,000	0,000	161517,871	161518,872	161523,166	161523,564	161523,874	161524,014	0,000	58517,871	58518,872	58523,167	58523,564	58523,874	58524,014	18,704	2,475	16,958	2,341	25,000	0,000	38,848	49,811	1,000	832,000	489,000	960,000	373,333
400,000	510,000	910,000	6,798	98,039	60,913	0,000	55,491	15,327	13,643	15,327	55,491	500,000	0,000	161529,390	161530,390	161535,734	161536,145	161536,645	161536,664	0,000	58529,390	58530,390	58535,734	58536,145	58536,645	58536,664	18,399	4,223	18,402	4,222	25,000	0,000	NaN	12,988	1,000	784,000	539,000	960,000	373,333
400,000	450,000	850,000	4,867	55,556	60,393	2,000	59,398	15,736	18,135	10,835	58,254	250,000	0,000	161541,842	161542,843	161548,239	161548,645	161548,895	161549,104	0,000	58541,843	58542,843	58548,239	58548,645	58548,895	58549,104	19,013	3,066	14,446	2,156	25,000	0,000	44,282	48,386	1,000	840,000	498,000	960,000	373,333
30,000	970,000	1000,000	9,465	14,433	61,693	7,000	52,020	21,097	28,861	0,109	12,358	140,000	0,000	161554,665	161555,665	161600,738	161600,938	161601,078	161601,914	0,000	58554,665	58555,665	58560,738	58560,938	58561,078	58561,914	23,373	8,890	0,224	0,088	25,000	0,000	1,288	0,234	1,000	903,000	705,000	960,000	373,333
800,000	550,000	1350,000	6,444	43,636	59,432	2,000	56,098	15,504	20,996	7,974	51,617	240,000	0,000	161606,374	161607,374	161610,298	161611,104	161611,344	161611,663	0,000	58566,374	58567,374	58570,298	58571,104	58571,344	58571,663	18,987	3,909	11,634	2,031	25,000	0,000	42,989	43,708	1,000	806,000	543,000	960,000	373,333
330,000	850,000	1180,000	7,549	14,118	103,237	11,000	57,045	20,737	25,240	3,729	36,275	120,000	0,000	161618,099	161619,100	161623,690	161624,024	161624,144	161624,884	0,000	58578,099	58579,100	58583,690	58584,024	58584,144	58584,884	24,723	5,823	5,937	1,719	25,000	0,000	32,415	30,130	1,000	980,000	641,000	960,000	373,333
280,000	430,000	710,000	7,221	97,674	66,074	0,000	55,397	13,389	15,583	13,387	55,397	420,000	0,000	161631,242	161632,243	161634,626	161634,915	161635,335	161635,354	0,000	58591,243	58592,243	58594,626	58594,915	58595,335	58595,354	17,075	2,927	17,075	2,928	25,000	0,000	NaN	5,108	1,000	739,000	504,000	960,000	373,333
270,000	680,000	950,000	3,417	88,235	79,855	2,000	63,039	20,264	8,818	20,152	63,085	600,000	0,000	161645,176	161646,176	161652,015	161652,294	161652,894	161652,984	0,000	58605,176	58606,176	58612,015	58612,294	58612,894	58612,984	24,273	3,826	24,212	3,747	25,000	0,000	0,737	1,484	1,000	981,000	493,000	960,000	373,333
340,000	470,000	810,000	3,476	97,872	76,043	0,000	61,616	17,269	11,703	17,267	61,616	460,000	0,000	161657,506	161658,506	161703,178	161703,524	161703,984	161704,004	0,000	58617,506	58618,506	58623,178	58623,524	58623,984	58624,004	20,616	2,983	20,616	2,981	25,000	0,000	NaN	1,074	1,000	903,000	483,000	960,000	373,333
30,000	850,000	880,000	2,256	69,412	81,163	4,000	62,409	18,850	11,349	17,621	61,753	590,000	0,000	161710,440	161711,440	161716,408	161716,608	161717,198	161717,464	0,000	58630,440	58631,440	58636,408	58636,608	58637,198	58637,464	24,077	3,209	22,838	2,925	25,000	0,000	6,457	0,158	1,000	926,000	446,000	960,000	373,333
280,000	440,000	720,000	1,969	97,727	81,141	0,000	65,725	16,738	12,233	16,737	65,725	430,000	0,000	161722,318	161723,319	161726,460	161726,745	161727,175	161727,194	0,000	58642,318	58643,319	58646,460	58646,745	58647,175	58647,194	21,178	1,209	21,178	1,210	25,000	0,000	NaN	6,716	1,000	896,000	345,000	960,000	373,333
310,000	890,000	1200,000	5,667	39,326	90,759	7,000	70,065	23,932	9,708	19,262	70,727	350,000	0,000	161732,088	161733,089	161738,854	161739,175	161739,525	161740,074	0,000	58652,088	58653,089	58658,854	58659,175	58659,525	58660,074	28,830	1,633	24,570	1,120	25,000	0,000	57,088	60,569	1,000	1158,000	336,000	960,000	373,333
300,000	710,000	1010,000	6,431	29,577	105,579	6,000	69,733	23,817	16,973	11,996	67,420	210,000	0,000	161744,706	161745,706	161748,457	161748,763	161748,973	161749,485	0,000	58664,706	58665,706	58668,457	58668,763	58668,973	58669,485	28,942	1,153	17,361	0,696	25,000	0,000	83,561	81,321	1,000	1185,000	414,000	960,000	373,333
440,000	720,000	1160,000	8,401	48,611	92,927	5,000	69,066	26,563	8,452	20,518	71,780	350,000	0,000	161753,965	161754,965	161759,357	161759,804	161760,154	161800,535	0,000	58673,965	58674,965	58679,357	58679,804	58680,154	58680,535	31,137	2,902	26,017	1,358	25,000	0,000	68,595	68,599	1,000	1258,000	394,000	960,000	373,333
520,000	650,000	1170,000	5,735	20,000	103,194	5,000	68,923	23,956	26,535	2,435	39,267	130,000	0,000	161806,941	161807,941	161813,372	161813,894	161814,024	161814,554	0,000	58686,941	58687,941	58693,373	58693,894	58694,024	58694,555	29,645	1,801	5,117	0,452	25,000	0,000	18,746	17,516	1,000	1161,000	339,000	960,000	373,333
540,000	590,000	1130,000	5,347	86,441	106,422	1,000	68,872	23,365	5,675	23,295	68,839	510,000	0,000	161819,028	161820,030	161822,403	161822,944	161823,454	161823,544	0,000	58699,028	58700,030	58702,403	58702,944	58703,454	58703,544	27,649	2,025	27,582	2,027	25,000	0,000	0,464	0,119	1,000	1149,000	394,000	960,000	373,333
450,000	490,000	940,000	3,742	53,061	93,832	2,000	69,078	22,030	16,321	12,649	69,082	260,000	0,000	161828,423	161829,423	161831,846	161832,304	161832,564	161832,805	0,000	58708,423	58709,423	58711,846	58712,304	58712,564	58712,805	26,610	1,521	17,742	0,681	25,000	0,000	64,724	66,826	1,000	1088,000	337,000	960,000	373,333
360,000	470,000	830,000	2,725	85,106	103,972	2,000	64,126	18,445	10,559	18,411	64,152	400,000	0,000	161837,254	161838,254	161842,687	161843,054	161843,454	161843,533	0,000	58717,254	58718,254	58722,687	58723,054	58723,454	58723,534	21,883	2,926	21,856	2,897	25,000	0,000	1,098	1,277	1,000	916,000	287,000	960,000	373,333
400,000	600,000	1000,000	5,066	61,667	81,300	2,000	70,263	24,075	11,747	17,222	71,474	370,000	0,000	161847,994	161848,994	161853,395	161853,805	161854,175	161854,414	0,000	58727,994	58728,994	58733,395	58733,805	58734,175	58734,414	29,394	1,801	23,083	1,213	25,000	0,000	64,017	67,139	1,000	1140,000	367,000	960,000	373,333
400,000	670,000	1070,000	3,127	44,776	83,960	5,000	69,339	20,649	12,975	15,995	71,559	300,000	0,000	161858,863	161859,865	161904,747	161905,154	161905,454	161905,834	0,000	58738,863	58739,865	58744,747	58745,154	58745,454	58745,834	24,949	1,492	20,906	1,175	25,000	0,000	76,660	76,839	1,000	1001,000	270,000	960,000	373,333
370,000	760,000	1130,000	8,585	35,526	91,455	3,000	68,532	26,708	16,629	12,341	62,579	270,000	0,000	161912,050	161913,051	161918,951	161919,325	161919,595	161920,094	0,000	58752,050	58753,051	58758,951	58759,325	58759,595	58760,094	31,303	3,376	16,759	2,352	25,000	0,000	67,798	66,237	1,000	1246,000	480,000	960,000	373,333
460,000	440,000	900,000	4,122	97,727	83,323	0,000	62,003	17,645	11,328	17,642	62,003	430,000	0,000	161924,967	161925,967	161929,933	161930,394	161930,824	161930,844	0,000	58764,967	58765,967	58769,933	58770,395	58770,825	58770,844	20,955	3,207	20,956	3,204	25,000	0,000	NaN	7,548	1,000	893,000	243,000	960,000	373,333
300,000	400,000	700,000	0,724	97,500	104,867	0,000	66,049	18,212	10,760	18,210	66,049	390,000	0,000	161935,298	161936,298	161940,103	161940,405	161940,795	161940,815	0,000	58775,298	58776,298	58780,103	58780,405	58780,795	58780,815	22,224	1,548	22,226	1,549	25,000	0,000	NaN	2,928	1,000	943,000	354,000	960,000	373,333
350,000	480,000	830,000	2,250	97,917	87,496	0,000	65,027	19,614	9,353	19,617	65,027	470,000	0,000	161946,342	161947,343	161949,813	161950,164	161950,634	161950,654	0,000	58786,342	58787,343	58789,813	58790,164	58790,634	58790,654	23,572	2,531	23,575	2,531	25,000	0,000	NaN	13,732	1,000	992,000	300,000	960,000	373,333
