1040,000	20,000	1060,000	24,731	0,000	0,000	0,000	15,792	0,000	28,970	0,000	15,792	0,000	0,000	133813,427	133814,428	133818,490	133819,538	133819,538	133819,569	0,000	49093,427	49094,428	49098,490	49099,538	49099,538	49099,569	0,000	0,000	0,000	0,000	25,000	0,000	NaN	NaN	1,000	84,000	297,000	960,000	373,333
280,000	860,000	1140,000	27,202	26,744	38,470	8,000	10,192	6,596	25,350	3,620	8,483	230,000	0,000	133825,283	133826,283	133830,952	133831,238	133831,468	133832,109	0,000	49105,283	49106,283	49110,952	49111,238	49111,468	49112,109	1,464	6,443	0,508	3,584	25,000	0,000	0,799	0,775	1,000	24,000	617,000	960,000	373,333
240,000	480,000	720,000	23,608	70,833	65,424	4,000	21,294	12,325	17,173	11,797	19,863	340,000	0,000	133843,447	133844,447	133847,965	133848,209	133848,549	133848,699	0,000	49123,447	49124,447	49127,965	49128,209	49128,549	49128,699	4,760	11,337	3,968	11,103	25,000	0,000	2,469	1,220	1,000	203,000	736,000	960,000	373,333
240,000	570,000	810,000	2,983	75,439	113,110	3,000	69,613	21,345	7,709	21,261	69,704	430,000	0,000	133855,771	133856,771	133859,495	133859,739	133860,169	133900,319	0,000	49135,771	49136,771	49139,495	49139,739	49140,169	49140,319	24,751	1,406	24,678	1,407	25,000	0,000	0,996	0,706	1,000	1061,000	341,000	960,000	373,333
230,000	580,000	810,000	10,873	70,690	65,267	2,000	61,431	12,780	16,637	12,333	61,322	410,000	0,000	133909,325	133910,326	133913,222	133913,458	133913,868	133914,050	0,000	49149,325	49150,326	49153,222	49153,458	49153,868	49154,050	14,908	2,306	14,486	2,290	25,000	0,000	5,367	5,118	1,000	611,000	207,000	960,000	373,333
240,000	680,000	920,000	5,553	36,765	93,177	4,000	64,442	25,296	11,699	17,270	66,495	250,000	0,000	133921,979	133922,980	133925,479	133925,728	133925,978	133926,418	0,000	49161,979	49162,980	49165,479	49165,728	49165,978	49166,418	27,676	5,626	20,842	3,130	25,000	0,000	87,252	85,852	1,000	1148,000	313,000	960,000	373,333
250,000	370,000	620,000	23,185	56,757	6,372	2,000	19,826	0,980	28,548	0,422	18,921	210,000	0,000	133932,805	133933,805	133935,993	133936,249	133936,459	133936,628	0,000	49172,805	49173,805	49175,993	49176,249	49176,459	49176,628	0,789	0,760	0,426	0,306	25,000	0,000	1,242	1,398	1,000	137,000	326,000	960,000	373,333
280,000	530,000	810,000	3,828	75,472	121,089	2,000	70,161	22,249	6,913	22,057	70,359	400,000	0,000	133947,479	133948,478	133953,055	133953,339	133953,739	133953,879	0,000	49187,479	49188,478	49193,055	49193,339	49193,739	49193,879	25,258	1,660	25,123	1,569	25,000	0,000	3,282	3,367	1,000	1081,000	311,000	960,000	373,333
230,000	790,000	1020,000	5,747	34,177	53,805	6,000	60,312	13,923	19,668	9,302	58,675	270,000	0,000	133959,772	134000,772	134004,771	134005,009	134005,279	134005,808	0,000	49199,772	49200,772	49204,771	49205,009	49205,279	49205,808	18,480	1,942	14,126	1,118	25,000	0,000	42,009	43,737	1,000	756,000	385,000	960,000	373,333
260,000	710,000	970,000	4,539	63,380	106,506	4,000	66,190	22,380	7,184	21,786	66,431	450,000	0,000	134012,343	134013,345	134019,291	134019,558	134020,008	134020,278	0,000	49212,343	49213,345	49219,291	49219,558	49220,008	49220,278	25,370	3,236	24,889	2,869	25,000	0,000	2,028	0,486	1,000	1113,000	322,000	960,000	373,333
280,000	450,000	730,000	4,200	73,333	64,153	2,000	62,227	14,348	15,634	13,335	62,934	330,000	0,000	134030,286	134031,286	134033,320	134033,609	134033,939	134034,068	0,000	49230,286	49231,286	49233,320	49233,609	49233,939	49234,068	18,479	1,153	17,730	0,940	25,000	0,000	34,594	41,191	1,000	824,000	435,000	960,000	373,333
220,000	400,000	620,000	2,206	97,500	109,093	0,000	68,189	19,637	9,336	19,634	68,189	390,000	0,000	134044,765	134045,765	134049,000	134049,228	134049,619	134049,639	0,000	49244,765	49245,765	49249,000	49249,229	49249,619	49249,639	23,433	1,436	23,434	1,435	25,000	0,000	NaN	1,137	1,000	985,000	299,000	960,000	373,333
210,000	470,000	680,000	0,964	97,872	103,597	0,000	66,386	19,539	9,432	19,538	66,386	460,000	0,000	134100,645	134101,646	134105,080	134105,298	134105,758	134105,778	0,000	49260,645	49261,646	49265,080	49265,298	49265,758	49265,778	24,302	1,716	24,303	1,716	25,000	0,000	NaN	1,415	1,000	986,000	351,000	960,000	373,333
230,000	550,000	780,000	4,442	89,091	106,083	2,000	67,233	23,112	5,895	23,075	67,215	490,000	0,000	134112,440	134113,441	134118,259	134118,500	134118,990	134119,058	0,000	49272,441	49273,441	49278,259	49278,500	49278,990	49279,058	27,592	2,869	27,558	2,870	25,000	0,000	0,808	1,752	1,000	1090,000	463,000	960,000	373,333
250,000	430,000	680,000	6,717	97,674	139,359	0,000	65,086	25,220	3,753	25,216	65,086	420,000	0,000	134125,968	134126,969	134130,636	134130,889	134131,309	134131,330	0,000	49285,968	49286,969	49290,636	49290,889	49291,309	49291,330	27,651	5,459	27,652	5,459	25,000	0,000	NaN	3,894	1,000	1142,000	528,000	960,000	373,333
300,000	520,000	820,000	4,195	98,077	103,459	0,000	69,893	21,585	7,384	21,585	69,893	510,000	0,000	134142,340	134143,341	134146,707	134147,008	134147,518	134147,538	0,000	49302,340	49303,341	49306,707	49307,008	49307,518	49307,538	26,269	0,705	26,271	0,702	25,000	0,000	NaN	3,376	1,000	1109,000	380,000	960,000	373,333
310,000	420,000	730,000	9,620	97,619	154,992	0,000	60,837	27,211	1,755	27,215	60,837	410,000	0,000	134152,577	134153,578	134157,413	134157,728	134158,138	134158,158	0,000	49312,577	49313,578	49317,414	49317,728	49318,138	49318,158	29,364	8,025	29,367	8,026	25,000	0,000	NaN	13,443	1,000	1206,000	611,000	960,000	373,333
290,000	480,000	770,000	11,686	97,917	148,657	0,000	73,008	28,613	0,360	28,609	73,008	470,000	0,000	134203,782	134204,782	134208,647	134208,938	134209,408	134209,429	0,000	49323,782	49324,782	49328,647	49328,938	49329,408	49329,429	32,318	1,266	32,318	1,266	25,000	0,000	NaN	0,058	1,000	1375,000	394,000	960,000	373,333
30,000	540,000	570,000	4,897	96,296	88,440	1,000	58,912	18,234	10,740	18,230	58,912	520,000	0,000	134217,551	134218,551	134220,559	134220,759	134221,279	134221,308	0,000	49337,551	49338,551	49340,559	49340,759	49341,279	49341,308	22,472	4,418	22,472	4,411	25,000	0,000	NaN	0,732	1,000	882,000	529,000	960,000	373,333
270,000	710,000	980,000	5,807	73,239	107,534	4,000	70,639	24,210	4,854	24,116	70,775	520,000	0,000	134226,161	134227,161	134232,092	134232,368	134232,888	134233,088	0,000	49346,161	49347,161	49352,092	49352,368	49352,888	49353,088	28,464	1,575	28,390	1,547	25,000	0,000	1,826	1,468	1,000	1163,000	411,000	960,000	373,333
230,000	450,000	680,000	7,799	97,778	87,397	0,000	53,439	18,464	10,510	18,460	53,439	440,000	0,000	134238,245	134239,245	134242,223	134242,460	134242,900	134242,919	0,000	49358,245	49359,245	49362,223	49362,460	49362,900	49362,919	20,057	6,894	20,057	6,892	25,000	0,000	NaN	0,791	1,000	855,000	630,000	960,000	373,333
240,000	780,000	1020,000	12,014	37,179	137,705	4,000	67,024	29,792	3,762	25,208	67,382	290,000	0,000	134248,545	134249,546	134253,959	134254,209	134254,499	134254,998	0,000	49368,545	49369,546	49373,959	49374,209	49374,499	49374,999	32,796	6,047	28,664	5,616	25,000	0,000	89,189	91,544	1,000	1309,000	127,000	960,000	373,333
270,000	460,000	730,000	7,764	97,826	123,661	0,000	70,481	26,028	2,944	26,026	70,481	450,000	0,000	134301,863	134302,864	134306,091	134306,369	134306,819	134306,839	0,000	49381,863	49382,864	49386,091	49386,369	49386,819	49386,839	30,660	1,998	30,660	2,000	25,000	0,000	NaN	1,920	1,000	1236,000	379,000	960,000	373,333
250,000	580,000	830,000	2,196	29,310	87,461	4,000	60,391	18,384	17,513	11,456	60,099	170,000	0,000	134312,567	134313,567	134318,121	134318,379	134318,549	134318,968	0,000	49392,567	49393,567	49398,121	49398,379	49398,549	49398,969	20,421	4,191	14,152	2,458	25,000	0,000	82,649	85,587	1,000	952,000	451,000	960,000	373,333
250,000	700,000	950,000	3,499	87,143	78,358	1,000	69,979	22,126	6,882	22,088	70,008	610,000	0,000	134323,479	134324,478	134328,603	134328,859	134329,469	134329,569	0,000	49403,479	49404,478	49408,604	49408,859	49409,469	49409,569	26,017	1,688	25,987	1,657	25,000	0,000	0,278	0,162	1,000	1082,000	349,000	960,000	373,333
250,000	500,000	750,000	7,769	98,000	124,687	0,000	72,503	26,243	2,730	26,240	72,503	490,000	0,000	134337,001	134338,001	134340,534	134340,789	134341,279	134341,299	0,000	49417,001	49418,001	49420,534	49420,789	49421,279	49421,300	30,405	1,576	30,405	1,576	25,000	0,000	NaN	0,170	1,000	1230,000	315,000	960,000	373,333
260,000	480,000	740,000	5,629	62,500	100,054	2,000	71,108	23,118	9,504	19,466	72,843	300,000	0,000	134346,997	134347,998	134350,639	134350,909	134351,209	134351,398	0,000	49426,997	49427,998	49430,639	49430,909	49431,209	49431,398	27,507	0,760	24,371	0,539	25,000	0,000	64,859	70,407	1,000	1159,000	352,000	960,000	373,333
220,000	520,000	740,000	9,637	98,077	151,113	0,000	71,433	28,301	0,671	28,299	71,433	510,000	0,000	134357,185	134358,184	134401,411	134401,638	134402,148	134402,168	0,000	49437,185	49438,184	49441,411	49441,638	49442,148	49442,168	32,880	2,475	32,879	2,475	25,000	0,000	NaN	1,140	1,000	1300,000	416,000	960,000	373,333
270,000	590,000	860,000	6,540	52,542	92,151	2,000	71,652	24,763	11,789	17,181	73,445	310,000	0,000	134408,192	134409,193	134411,305	134411,579	134411,889	134412,180	0,000	49448,192	49449,193	49451,305	49451,579	49451,889	49452,180	29,281	1,435	22,347	0,689	25,000	0,000	74,507	76,530	1,000	1180,000	298,000	960,000	373,333
260,000	530,000	790,000	1,688	98,113	80,416	0,000	71,072	20,465	8,506	20,464	71,072	520,000	0,000	134417,335	134418,336	134423,276	134423,538	134424,058	134424,079	0,000	49457,336	49458,336	49463,276	49463,538	49464,058	49464,079	25,202	0,619	25,202	0,619	25,000	0,000	NaN	7,833	1,000	1007,000	336,000	960,000	373,333
250,000	500,000	750,000	1,457	52,000	78,502	2,000	65,196	20,178	15,788	13,181	65,913	260,000	0,000	134429,403	134430,402	134436,075	134436,328	134436,588	134436,840	0,000	49469,403	49470,402	49476,075	49476,328	49476,588	49476,840	24,133	2,792	17,853	1,367	25,000	0,000	58,287	66,186	1,000	1004,000	346,000	960,000	373,333
280,000	430,000	710,000	10,014	97,674	135,844	0,000	71,695	27,736	1,239	27,730	71,695	420,000	0,000	134441,330	134442,330	134447,184	134447,469	134447,889	134447,908	0,000	49481,330	49482,330	49487,184	49487,469	49487,889	49487,908	31,166	1,884	31,165	1,885	25,000	0,000	NaN	2,695	1,000	1316,000	368,000	960,000	373,333
250,000	760,000	1010,000	4,666	36,842	100,865	4,000	67,344	22,242	11,705	17,265	64,509	280,000	0,000	134452,499	134453,499	134458,792	134459,048	134459,328	134459,819	0,000	49492,499	49493,499	49498,792	49499,048	49499,328	49499,819	25,933	2,278	21,198	1,877	25,000	0,000	70,605	71,369	1,000	1114,000	435,000	960,000	373,333
260,000	550,000	810,000	5,179	98,182	85,160	0,000	69,740	23,016	5,954	23,016	69,740	540,000	0,000	134505,268	134506,269	134510,320	134510,590	134511,130	134511,149	0,000	49505,268	49506,269	49510,320	49510,590	49511,130	49511,149	27,872	1,181	27,872	1,182	25,000	0,000	NaN	7,328	1,000	1144,000	381,000	960,000	373,333
260,000	540,000	800,000	13,755	68,519	116,832	2,000	71,840	31,015	3,846	25,124	71,078	370,000	0,000	134517,614	134518,614	134522,422	134522,688	134523,058	134523,288	0,000	49517,614	49518,614	49522,422	49522,688	49523,058	49523,288	37,150	2,155	32,018	0,980	25,000	0,000	42,416	76,609	1,000	1439,000	472,000	960,000	373,333
250,000	420,000	670,000	13,234	61,905	137,283	4,000	73,194	30,810	6,443	22,527	NaN	260,000	0,000	134528,545	134529,546	134533,484	134533,740	134534,000	134534,168	0,000	49528,545	49529,546	49533,484	49533,740	49534,000	49534,168	36,924	1,465	29,559	0,906	25,000	0,000	68,145	114,104	1,000	1427,000	431,000	960,000	373,333
310,000	590,000	900,000	11,322	38,983	113,442	4,000	70,924	29,403	13,124	15,846	65,312	230,000	0,000	134541,414	134542,415	134545,180	134545,498	134545,728	134546,098	0,000	49541,414	49542,415	49545,180	49545,498	49545,728	49546,098	34,511	2,785	21,678	1,256	25,000	0,000	96,393	94,498	1,000	1358,000	313,000	960,000	373,333
770,000	220,000	990,000	13,938	81,818	61,907	1,000	39,326	8,329	22,252	6,717	42,463	180,000	0,000	134604,252	134605,254	134607,584	134608,358	134608,538	134608,588	0,000	49564,252	49565,254	49567,584	49568,358	49568,538	49568,588	7,303	5,072	6,590	3,974	25,000	0,000	4,021	46,274	1,000	485,000	232,000	960,000	373,333
330,000	660,000	990,000	4,157	30,303	100,678	6,000	66,891	21,593	14,682	14,288	62,877	200,000	0,000	134645,756	134646,755	134649,253	134649,588	134649,788	134650,259	0,000	49605,756	49606,755	49609,253	49609,588	49609,788	49610,259	24,414	2,588	17,735	1,850	25,000	0,000	87,647	85,597	1,000	1079,000	461,000	960,000	373,333
270,000	490,000	760,000	9,559	65,306	125,130	2,000	69,928	27,331	4,020	24,950	73,798	320,000	0,000	134655,110	134656,111	134701,516	134701,788	134702,109	134702,289	0,000	49615,110	49616,111	49621,516	49621,789	49622,109	49622,289	30,124	3,038	28,198	2,269	25,000	0,000	57,266	60,397	1,000	1298,000	409,000	960,000	373,333
270,000	420,000	690,000	2,877	47,619	86,527	2,000	62,733	18,071	16,678	12,292	64,726	200,000	0,000	134706,926	134707,928	134713,543	134713,819	134714,019	134714,248	0,000	49626,926	49627,928	49633,543	49633,819	49634,019	49634,248	20,898	2,897	15,291	2,590	25,000	0,000	78,400	79,166	1,000	937,000	473,000	960,000	373,333
250,000	520,000	770,000	3,418	98,077	81,701	0,000	67,968	21,547	7,419	21,551	67,968	510,000	0,000	134718,736	134719,736	134723,649	134723,908	134724,418	134724,439	0,000	49638,736	49639,737	49643,649	49643,908	49644,418	49644,439	27,144	1,659	27,149	1,660	25,000	0,000	NaN	12,629	1,000	1070,000	425,000	960,000	373,333
250,000	720,000	970,000	0,754	33,333	86,153	8,000	68,455	18,515	17,908	11,062	63,372	240,000	0,000	134730,685	134731,685	134734,345	134734,598	134734,839	134735,328	0,000	49650,686	49651,685	49654,346	49654,599	49654,839	49655,328	22,418	1,154	15,404	0,619	25,000	0,000	69,601	68,107	1,000	965,000	347,000	960,000	373,333
210,000	440,000	650,000	1,587	97,727	85,728	0,000	65,945	17,293	11,677	17,292	65,945	430,000	0,000	134741,213	134742,215	134747,289	134747,508	134747,938	134747,959	0,000	49661,213	49662,215	49667,289	49667,508	49667,938	49667,959	21,832	1,210	21,836	1,207	25,000	0,000	NaN	13,365	1,000	914,000	406,000	960,000	373,333
270,000	580,000	850,000	3,468	20,690	79,242	5,000	61,834	16,537	26,433	2,537	37,938	120,000	0,000	134752,682	134753,683	134759,597	134759,869	134759,989	134800,459	0,000	49672,682	49673,683	49679,597	49679,869	49679,989	49680,459	20,589	2,532	4,328	0,837	25,000	0,000	21,845	21,109	1,000	851,000	431,000	960,000	373,333
280,000	480,000	760,000	0,566	56,250	72,450	2,000	65,552	19,281	14,804	14,166	65,612	270,000	0,000	134804,961	134805,961	134810,904	134811,188	134811,458	134811,680	0,000	49684,961	49685,961	49690,904	49691,188	49691,458	49691,680	22,923	2,392	18,221	1,868	25,000	0,000	60,327	62,791	1,000	979,000	380,000	960,000	373,333
290,000	660,000	950,000	5,661	50,000	105,338	4,000	71,433	23,914	7,373	21,597	72,721	330,000	0,000	134818,943	134819,942	134823,765	134824,059	134824,389	134824,728	0,000	49698,943	49699,942	49703,765	49704,059	49704,389	49704,728	28,520	1,153	26,587	0,990	25,000	0,000	65,564	66,596	1,000	1161,000	384,000	960,000	373,333
260,000	460,000	720,000	4,328	71,739	65,553	2,000	63,293	15,394	15,874	13,096	64,383	330,000	0,000	134833,177	134834,177	134840,113	134840,378	134840,708	134840,848	0,000	49713,177	49714,177	49720,113	49720,378	49720,708	49720,848	19,440	1,806	17,583	1,175	25,000	0,000	27,405	44,821	1,000	809,000	403,000	960,000	373,333
240,000	640,000	880,000	2,334	57,812	64,532	2,000	67,963	20,723	13,919	15,050	67,296	370,000	0,000	134846,583	134847,583	134851,985	134852,229	134852,599	134852,879	0,000	49726,583	49727,583	49731,985	49732,229	49732,599	49732,879	25,623	1,434	20,214	0,691	25,000	0,000	41,189	46,237	1,000	1043,000	373,000	960,000	373,333
240,000	530,000	770,000	0,771	98,113	76,811	0,000	65,875	18,456	10,515	18,455	65,875	520,000	0,000	134858,464	134859,465	134904,073	134904,319	134904,839	134904,858	0,000	49738,464	49739,465	49744,073	49744,319	49744,839	49744,858	23,431	1,238	23,433	1,235	25,000	0,000	NaN	7,045	1,000	978,000	394,000	960,000	373,333
220,000	500,000	720,000	3,850	86,000	66,426	2,000	64,163	15,145	14,071	14,899	64,490	430,000	0,000	134910,612	134911,612	134916,095	134916,319	134916,749	134916,831	0,000	49750,612	49751,612	49756,095	49756,319	49756,749	49756,831	19,100	1,295	18,949	1,266	25,000	0,000	8,353	19,334	1,000	824,000	389,000	960,000	373,333
290,000	590,000	880,000	1,581	52,542	70,426	3,000	67,108	18,927	13,742	15,228	66,821	310,000	0,000	134921,969	134922,971	134926,692	134926,989	134927,299	134927,589	0,000	49761,969	49762,971	49766,692	49766,989	49767,299	49767,589	23,345	0,984	19,853	0,852	25,000	0,000	51,760	50,239	1,000	1014,000	389,000	960,000	373,333
280,000	550,000	830,000	3,986	98,182	81,089	0,000	70,726	22,070	6,896	22,073	70,726	540,000	0,000	134933,938	134934,939	134938,095	134938,381	134938,921	134938,940	0,000	49773,938	49774,939	49778,095	49778,381	49778,921	49778,940	26,748	0,817	26,751	0,815	25,000	0,000	NaN	11,036	1,000	1101,000	359,000	960,000	373,333
240,000	580,000	820,000	5,499	51,724	86,973	2,000	67,949	22,643	13,344	15,626	67,501	300,000	0,000	134943,913	134944,913	134950,116	134950,359	134950,659	134950,948	0,000	49783,913	49784,914	49790,116	49790,359	49790,659	49790,948	29,253	1,268	22,645	0,575	25,000	0,000	68,063	72,077	1,000	1148,000	427,000	960,000	373,333
260,000	650,000	910,000	1,199	67,692	69,405	2,000	67,522	19,957	11,957	17,012	67,841	440,000	0,000	135003,153	135004,153	135006,938	135007,208	135007,648	135007,869	0,000	49803,153	49804,153	49806,939	49807,208	49807,648	49807,869	25,878	1,294	23,193	0,845	25,000	0,000	30,386	32,821	1,000	1001,000	385,000	960,000	373,333
340,000	520,000	860,000	5,056	98,077	93,321	0,000	71,369	22,607	6,364	22,606	71,369	510,000	0,000	135016,022	135017,022	135019,960	135020,310	135020,820	135020,839	0,000	49816,023	49817,023	49819,960	49820,310	49820,820	49820,839	27,001	0,647	27,000	0,647	25,000	0,000	NaN	4,876	1,000	1137,000	342,000	960,000	373,333
280,000	700,000	980,000	4,324	65,714	72,520	4,000	69,332	22,647	7,542	21,428	70,076	460,000	0,000	135027,221	135028,221	135033,171	135033,459	135033,919	135034,169	0,000	49827,221	49828,221	49833,171	49833,459	49833,919	49834,169	28,155	1,295	27,151	1,203	25,000	0,000	33,872	33,898	1,000	1108,000	415,000	960,000	373,333
230,000	670,000	900,000	3,123	46,269	64,506	5,000	64,957	16,216	16,427	12,543	65,857	310,000	0,000	135039,028	135040,027	135043,330	135043,568	135043,878	135044,248	0,000	49839,028	49840,027	49843,330	49843,568	49843,878	49844,249	20,730	1,350	17,546	0,637	25,000	0,000	57,409	57,132	1,000	849,000	371,000	960,000	373,333
240,000	490,000	730,000	1,359	65,306	80,955	2,000	68,627	19,038	13,008	15,962	69,415	320,000	0,000	135052,028	135053,028	135056,426	135056,668	135056,988	135057,169	0,000	49852,028	49853,028	49856,426	49856,668	49856,988	49857,169	23,319	0,844	20,577	0,696	25,000	0,000	52,298	61,432	1,000	994,000	339,000	960,000	373,333
220,000	670,000	890,000	2,130	20,896	56,363	2,000	65,490	18,040	27,127	1,843	32,458	140,000	0,000	135104,932	135105,933	135109,205	135109,428	135109,568	135110,108	0,000	49864,932	49865,933	49869,205	49869,428	49869,568	49870,108	23,204	1,718	3,707	0,569	25,000	0,000	13,864	13,462	1,000	917,000	311,000	960,000	373,333
