1180,000	250,000	1430,000	24,921	60,000	3,089	2,000	11,567	0,498	28,611	0,358	11,691	150,000	0,000	133733,446	133734,446	133738,481	133739,665	133739,815	133739,923	0,000	49053,446	49054,446	49058,481	49059,665	49059,815	49059,923	0,112	0,480	0,084	0,348	25,000	0,000	0,802	2,219	1,000	74,000	384,000	960,000	373,333
900,000	230,000	1130,000	23,457	47,826	2,215	2,000	18,344	0,321	28,831	0,139	18,297	110,000	0,000	133745,265	133746,264	133748,928	133749,834	133749,944	133750,073	0,000	49065,265	49066,264	49068,928	49069,834	49069,944	49070,073	0,169	0,283	0,108	0,115	25,000	0,000	0,570	1,254	1,000	126,000	380,000	960,000	373,333
460,000	420,000	880,000	21,637	90,476	22,191	1,000	21,205	3,389	25,605	3,364	21,240	380,000	0,000	133754,906	133755,905	133758,097	133758,564	133758,944	133758,993	0,000	49074,906	49075,905	49078,097	49078,564	49078,944	49078,993	1,913	2,869	1,914	2,843	25,000	0,000	0,137	0,353	1,000	211,000	549,000	960,000	373,333
420,000	470,000	890,000	18,414	42,553	12,048	4,000	34,896	3,722	27,280	1,690	28,095	200,000	0,000	133803,734	133804,733	133809,321	133809,744	133809,944	133810,224	0,000	49083,734	49084,733	49089,321	49089,744	49089,944	49090,224	5,602	1,380	3,010	0,675	25,000	0,000	2,745	7,946	1,000	309,000	443,000	960,000	373,333
410,000	370,000	780,000	21,522	81,081	61,279	2,000	21,092	7,252	21,747	7,223	21,123	300,000	0,000	133817,145	133818,145	133821,891	133822,304	133822,604	133822,683	0,000	49097,145	49098,145	49101,891	49102,304	49102,604	49102,683	3,544	6,357	3,546	6,326	25,000	0,000	0,324	0,454	1,000	237,000	624,000	960,000	373,333
340,000	740,000	1080,000	10,132	63,514	49,192	2,000	55,810	12,089	17,675	11,295	55,329	470,000	0,000	133827,251	133828,250	133832,107	133832,454	133832,924	133833,204	0,000	49107,251	49108,250	49112,107	49112,454	49112,924	49113,204	16,061	2,308	15,307	2,102	25,000	0,000	4,443	4,505	1,000	605,000	312,000	960,000	373,333
290,000	1030,000	1320,000	9,266	43,689	57,799	9,000	57,476	12,655	16,925	12,045	56,938	450,000	0,000	133837,834	133838,833	133841,720	133842,014	133842,464	133843,054	0,000	49117,834	49118,833	49121,720	49122,014	49122,464	49123,054	15,246	2,672	14,622	2,534	25,000	0,000	0,496	0,566	1,000	651,000	259,000	960,000	373,333
350,000	650,000	1000,000	10,030	50,769	31,208	4,000	53,913	11,180	23,332	5,638	45,542	330,000	0,000	133847,617	133848,618	133853,557	133853,913	133854,243	133854,574	0,000	49127,617	49128,618	49133,557	49133,913	49134,243	49134,574	13,811	2,869	7,652	1,870	25,000	0,000	20,069	21,233	1,000	625,000	251,000	960,000	373,333
240,000	670,000	910,000	10,735	37,313	25,312	6,000	55,496	8,994	27,245	1,725	35,463	250,000	0,000	133859,137	133900,136	133902,205	133902,454	133902,704	133903,135	0,000	49139,137	49140,136	49142,205	49142,454	49142,704	49143,135	12,969	0,929	3,610	0,282	25,000	0,000	3,555	10,198	1,000	579,000	396,000	960,000	373,333
290,000	420,000	710,000	12,357	61,905	40,819	2,000	49,165	8,453	22,052	6,918	48,714	260,000	0,000	133907,772	133908,772	133912,950	133913,244	133913,504	133913,673	0,000	49147,772	49148,772	49152,950	49153,244	49153,504	49153,673	11,446	2,170	10,160	1,729	25,000	0,000	23,246	25,062	1,000	523,000	328,000	960,000	373,333
350,000	610,000	960,000	9,038	31,148	29,656	6,000	53,558	11,146	25,490	3,480	36,834	190,000	0,000	133919,173	133920,173	133925,735	133926,093	133926,283	133926,713	0,000	49159,173	49160,173	49165,735	49166,093	49166,283	49166,713	14,630	2,448	5,268	1,307	25,000	0,000	17,008	20,037	1,000	646,000	305,000	960,000	373,333
280,000	1150,000	1430,000	8,037	34,783	93,800	5,000	66,671	21,654	11,241	17,729	64,562	400,000	0,000	133931,873	133932,873	133936,921	133937,205	133937,605	133938,364	0,000	49171,873	49172,873	49176,921	49177,205	49177,605	49178,364	25,272	3,351	21,263	2,194	25,000	0,000	16,520	2,001	1,000	699,000	257,000	960,000	373,333
30,000	1400,000	1430,000	4,945	27,143	30,179	14,000	60,572	15,379	24,138	4,832	42,719	380,000	0,000	133943,047	133944,047	133948,737	133948,938	133949,318	133950,343	0,000	49183,047	49184,047	49188,737	49188,938	49189,318	49190,343	20,314	2,476	7,979	1,419	25,000	0,000	18,383	22,055	1,000	811,000	280,000	960,000	373,333
260,000	1170,000	1430,000	6,128	25,641	28,684	8,000	63,606	22,325	23,366	5,603	47,923	300,000	0,000	133955,854	133956,856	133959,856	134000,123	134000,423	134001,304	0,000	49195,854	49196,856	49199,856	49200,123	49200,423	49201,304	25,719	4,665	8,053	1,312	25,000	0,000	13,649	21,086	1,000	1092,000	200,000	960,000	373,333
340,000	1090,000	1430,000	5,329	11,927	35,097	8,000	66,735	22,764	27,854	1,116	28,695	130,000	0,000	134006,843	134007,843	134010,036	134010,385	134010,515	134011,485	0,000	49206,843	49207,843	49210,036	49210,385	49210,515	49211,485	27,759	3,090	2,528	0,259	25,000	0,000	1,000	9,039	1,000	1108,000	255,000	960,000	373,333
30,000	1010,000	1040,000	4,584	36,634	31,927	10,000	60,291	16,874	24,420	4,550	42,949	370,000	0,000	134019,300	134020,299	134024,493	134024,693	134025,063	134025,713	0,000	49219,300	49220,299	49224,493	49224,693	49225,063	49225,713	20,736	3,404	7,016	1,364	25,000	0,000	15,479	21,670	1,000	857,000	247,000	960,000	373,333
290,000	1000,000	1290,000	5,348	28,000	29,476	10,000	60,042	14,353	24,276	4,694	44,599	280,000	0,000	134032,111	134033,111	134035,836	134036,133	134036,413	134037,143	0,000	49232,111	49233,111	49235,836	49236,133	49236,413	49237,143	18,873	2,053	7,805	1,031	25,000	0,000	20,582	20,134	1,000	779,000	315,000	960,000	373,333
290,000	660,000	950,000	4,120	36,364	44,302	4,000	63,118	16,842	23,440	5,530	51,152	240,000	0,000	134044,276	134045,277	134049,140	134049,434	134049,674	134050,104	0,000	49244,276	49245,277	49249,140	49249,434	49249,674	49250,104	20,337	2,561	8,323	0,971	25,000	0,000	23,744	30,651	1,000	866,000	261,000	960,000	373,333
250,000	1180,000	1430,000	3,156	26,271	34,903	10,000	64,124	20,328	23,880	5,090	45,616	310,000	0,000	134057,283	134058,283	134102,599	134102,853	134103,163	134104,043	0,000	49257,284	49258,283	49262,599	49262,853	49263,163	49264,043	24,949	3,122	8,092	1,216	25,000	0,000	22,527	24,764	1,000	1006,000	271,000	960,000	373,333
30,000	1300,000	1330,000	3,520	40,000	37,453	12,000	60,734	17,518	18,570	10,400	58,067	520,000	0,000	134110,657	134111,658	134115,712	134115,914	134116,434	134117,223	0,000	49270,657	49271,658	49275,712	49275,914	49276,434	49277,223	21,799	3,291	15,032	1,357	25,000	0,000	30,969	31,198	1,000	894,000	267,000	960,000	373,333
110,000	1320,000	1430,000	1,809	28,788	38,030	10,000	63,797	18,757	24,235	4,735	46,129	380,000	0,000	134126,928	134127,928	134132,513	134132,714	134133,094	134134,046	0,000	49286,928	49287,928	49292,513	49292,714	49293,094	49294,046	23,689	2,559	8,147	0,876	25,000	0,000	19,461	20,574	1,000	960,000	309,000	960,000	373,333
210,000	960,000	1170,000	4,993	47,917	43,031	4,000	63,958	22,298	19,450	9,520	56,338	460,000	0,000	134140,211	134141,211	134144,855	134145,074	134145,534	134146,043	0,000	49300,211	49301,211	49304,855	49305,074	49305,534	49306,043	26,921	4,108	13,976	1,641	25,000	0,000	28,107	33,572	1,000	1056,000	224,000	960,000	373,333
260,000	1170,000	1430,000	1,497	22,222	23,788	13,000	62,469	17,829	26,699	2,271	34,144	260,000	0,000	134151,234	134152,235	134157,779	134158,043	134158,303	134159,225	0,000	49311,234	49312,235	49317,779	49318,043	49318,303	49319,225	23,373	2,530	4,950	0,481	25,000	0,000	2,808	11,532	1,000	940,000	324,000	960,000	373,333
280,000	1150,000	1430,000	2,800	24,348	21,853	13,000	64,037	15,134	26,312	2,657	40,502	280,000	0,000	134204,606	134205,606	134211,515	134211,804	134212,084	134212,964	0,000	49324,607	49325,606	49331,515	49331,804	49332,084	49332,964	20,121	1,042	5,305	0,170	25,000	0,000	5,666	13,480	1,000	864,000	347,000	960,000	373,333
360,000	1070,000	1430,000	3,650	27,103	23,080	10,000	64,925	16,680	25,934	3,036	43,425	290,000	0,000	134217,533	134218,533	134223,590	134223,954	134224,244	134225,033	0,000	49337,533	49338,533	49343,590	49343,954	49344,244	49345,033	20,607	2,160	5,336	0,343	25,000	0,000	1,749	13,436	1,000	895,000	261,000	960,000	373,333
310,000	1120,000	1430,000	3,409	27,679	27,685	10,000	65,355	20,658	24,227	4,743	43,028	310,000	0,000	134230,168	134231,169	134234,392	134234,707	134235,017	134235,833	0,000	49350,168	49351,169	49354,392	49354,707	49355,017	49355,833	25,643	2,897	7,602	1,296	25,000	0,000	13,884	21,558	1,000	1020,000	268,000	960,000	373,333
320,000	1110,000	1430,000	5,373	22,523	39,414	12,000	66,054	22,692	26,088	2,882	37,908	250,000	0,000	134244,034	134245,034	134247,376	134247,705	134247,955	134248,824	0,000	49364,034	49365,034	49367,376	49367,705	49367,955	49368,824	27,851	3,292	5,497	0,674	25,000	0,000	8,412	16,634	1,000	1110,000	255,000	960,000	373,333
350,000	1080,000	1430,000	3,627	12,963	19,733	13,000	63,573	14,392	28,287	0,683	24,952	140,000	0,000	134254,751	134255,753	134258,582	134258,934	134259,074	134300,024	0,000	49374,751	49375,753	49378,582	49378,934	49379,074	49380,024	19,688	1,015	1,793	0,114	25,000	0,000	8,325	5,146	1,000	833,000	351,000	960,000	373,333
350,000	1080,000	1430,000	8,313	24,074	13,870	14,000	58,298	10,457	27,542	1,428	32,872	260,000	0,000	134305,585	134306,586	134311,393	134311,754	134312,014	134312,843	0,000	49385,585	49386,586	49391,393	49391,754	49392,014	49392,843	14,727	1,147	3,267	0,114	25,000	0,000	3,927	7,479	1,000	666,000	343,000	960,000	373,333
370,000	1060,000	1430,000	1,509	13,208	23,512	12,000	65,880	17,409	27,975	0,995	29,457	140,000	0,000	134319,806	134320,806	134323,311	134323,684	134323,824	134324,753	0,000	49399,806	49400,806	49403,311	49403,684	49403,824	49404,753	22,279	1,670	2,160	0,192	25,000	0,000	13,878	7,964	1,000	954,000	320,000	960,000	373,333
570,000	860,000	1430,000	6,043	34,884	25,954	7,000	60,157	12,701	25,295	3,675	44,976	300,000	0,000	134330,011	134331,011	134336,848	134337,423	134337,723	134338,295	0,000	49410,011	49411,011	49416,849	49417,423	49417,723	49418,295	17,366	1,296	7,038	0,217	25,000	0,000	10,217	16,821	1,000	747,000	345,000	960,000	373,333
280,000	1150,000	1430,000	4,838	20,870	17,180	12,000	61,222	13,434	27,669	1,301	26,473	240,000	0,000	134344,568	134345,568	134349,022	134349,304	134349,544	134350,463	0,000	49424,568	49425,568	49429,022	49429,304	49429,544	49430,463	19,218	1,239	3,160	0,359	25,000	0,000	4,904	6,800	1,000	790,000	347,000	960,000	373,333
370,000	1060,000	1430,000	2,822	24,528	21,524	8,000	63,624	15,277	25,990	2,980	40,407	260,000	0,000	134355,087	134356,088	134359,804	134400,184	134400,444	134401,255	0,000	49435,087	49436,088	49439,804	49440,184	49440,444	49441,255	20,678	0,900	5,967	0,262	25,000	0,000	6,841	13,373	1,000	860,000	365,000	960,000	373,333
300,000	1130,000	1430,000	2,759	31,858	22,863	10,000	64,742	16,262	24,726	4,244	44,349	360,000	0,000	134407,046	134408,045	134410,307	134410,613	134410,973	134411,753	0,000	49447,046	49448,045	49450,307	49450,613	49450,973	49451,753	21,704	1,436	7,734	0,706	25,000	0,000	6,862	17,708	1,000	879,000	318,000	960,000	373,333
330,000	1100,000	1430,000	2,234	28,182	26,857	10,000	65,187	18,859	25,296	3,674	42,582	310,000	0,000	134417,729	134418,729	134422,965	134423,305	134423,615	134424,415	0,000	49457,729	49458,729	49462,965	49463,305	49463,615	49464,415	23,706	2,185	6,340	0,736	25,000	0,000	3,785	14,199	1,000	988,000	299,000	960,000	373,333
360,000	1070,000	1430,000	4,457	29,907	22,343	11,000	60,165	14,444	26,695	2,275	34,170	320,000	0,000	134430,373	134431,373	134437,210	134437,574	134437,894	134438,654	0,000	49470,373	49471,373	49477,210	49477,574	49477,894	49478,654	19,026	2,276	4,267	0,615	25,000	0,000	0,423	9,773	1,000	817,000	305,000	960,000	373,333
290,000	1000,000	1290,000	3,709	15,000	37,733	10,000	62,509	16,700	27,595	1,375	30,091	150,000	0,000	134446,568	134447,569	134450,296	134450,593	134450,744	134451,603	0,000	49486,569	49487,569	49490,296	49490,594	49490,744	49491,603	21,348	2,419	2,969	0,405	25,000	0,000	10,677	10,809	1,000	857,000	291,000	960,000	373,333
270,000	1160,000	1430,000	4,925	13,793	34,746	10,000	68,908	22,916	27,771	1,199	26,895	160,000	0,000	134456,683	134457,683	134502,043	134502,324	134502,484	134503,493	0,000	49496,683	49497,683	49502,043	49502,324	49502,484	49503,493	28,677	1,998	2,657	0,390	25,000	0,000	1,148	7,723	1,000	1119,000	300,000	960,000	373,333
360,000	1070,000	1430,000	2,428	16,822	30,812	11,000	63,749	18,619	27,689	1,281	27,796	180,000	0,000	134510,988	134511,988	134516,535	134516,903	134517,083	134517,984	0,000	49510,988	49511,988	49516,535	49516,903	49517,083	49517,984	23,823	2,813	2,908	0,376	25,000	0,000	5,887	7,273	1,000	973,000	288,000	960,000	373,333
410,000	1020,000	1430,000	11,031	19,608	11,820	11,000	53,386	8,508	28,213	0,756	23,256	200,000	0,000	134523,149	134524,149	134529,001	134529,413	134529,613	134530,445	0,000	49523,149	49524,149	49529,001	49529,413	49529,613	49530,445	12,787	1,342	1,933	0,207	25,000	0,000	4,933	4,823	1,000	572,000	316,000	960,000	373,333
360,000	1070,000	1430,000	2,679	15,888	27,173	12,000	61,999	17,921	27,551	1,419	27,130	170,000	0,000	134535,798	134536,797	134542,263	134542,635	134542,805	134543,715	0,000	49535,798	49536,797	49542,263	49542,635	49542,805	49543,715	22,923	2,843	2,796	0,531	25,000	0,000	2,403	7,488	1,000	922,000	286,000	960,000	373,333
360,000	1070,000	1430,000	6,863	15,888	17,267	11,000	60,764	11,426	28,466	0,504	22,701	170,000	0,000	134548,654	134549,654	134554,086	134554,454	134554,623	134555,534	0,000	49548,654	49549,654	49554,086	49554,454	49554,624	49555,534	16,428	0,995	1,525	0,054	25,000	0,000	12,012	3,183	1,000	718,000	342,000	960,000	373,333
300,000	1130,000	1430,000	1,442	13,274	20,836	17,000	66,740	15,930	28,032	0,938	30,197	150,000	0,000	134604,394	134605,394	134610,083	134610,396	134610,546	134611,534	0,000	49564,394	49565,394	49570,083	49570,396	49570,546	49571,534	20,909	0,859	2,221	0,076	25,000	0,000	8,604	6,953	1,000	916,000	347,000	960,000	373,333
280,000	1150,000	1430,000	1,223	12,174	24,764	14,000	67,317	16,744	28,396	0,574	24,372	140,000	0,000	134618,915	134619,915	134624,428	134624,714	134624,853	134625,873	0,000	49578,915	49579,915	49584,428	49584,714	49584,854	49585,873	22,136	0,761	1,479	0,088	25,000	0,000	11,787	3,961	1,000	927,000	345,000	960,000	373,333
400,000	1030,000	1430,000	3,401	12,621	23,751	12,000	65,568	15,169	28,304	0,666	26,858	130,000	0,000	134631,479	134632,478	134637,660	134638,064	134638,194	134639,104	0,000	49591,479	49592,478	49597,660	49598,064	49598,194	49599,104	20,017	1,155	1,761	0,066	25,000	0,000	6,205	4,820	1,000	857,000	310,000	960,000	373,333
350,000	1080,000	1430,000	1,688	13,889	26,971	14,000	63,613	16,104	28,192	0,778	24,089	150,000	0,000	134646,994	134647,993	134653,540	134653,894	134654,044	134654,984	0,000	49606,994	49607,993	49613,540	49613,894	49614,044	49614,984	21,862	1,663	2,266	0,126	25,000	0,000	11,007	5,646	1,000	900,000	374,000	960,000	373,333
340,000	1090,000	1430,000	1,335	17,431	29,146	11,000	67,440	18,867	27,951	1,019	25,301	190,000	0,000	134701,443	134702,443	134705,177	134705,523	134705,713	134706,625	0,000	49621,443	49622,443	49625,177	49625,523	49625,713	49626,625	24,847	1,444	2,456	0,316	25,000	0,000	8,259	5,937	1,000	1007,000	380,000	960,000	373,333
250,000	590,000	840,000	8,533	66,102	53,237	2,000	53,060	11,267	18,348	10,622	52,505	390,000	0,000	134713,405	134714,405	134717,483	134717,745	134718,135	134718,343	0,000	49633,405	49634,405	49637,483	49637,745	49638,135	49638,343	13,250	2,784	12,578	2,638	25,000	0,000	0,872	0,384	1,000	657,000	358,000	960,000	373,333
320,000	580,000	900,000	9,924	68,966	181,740	3,000	67,272	29,434	0,286	28,684	68,384	400,000	0,000	134724,481	134725,482	134731,090	134731,413	134731,813	134732,003	0,000	49644,481	49645,482	49651,090	49651,413	49651,813	49652,003	32,432	5,517	31,991	4,814	25,000	0,000	5,305	3,975	1,000	1298,000	272,000	960,000	373,333
280,000	410,000	690,000	15,228	82,927	29,954	2,000	44,732	5,159	23,830	5,140	44,664	340,000	0,000	134737,668	134738,669	134740,799	134741,083	134741,423	134741,503	0,000	49657,668	49658,669	49660,799	49661,083	49661,423	49661,503	8,776	0,675	8,749	0,675	25,000	0,000	0,282	0,315	1,000	419,000	395,000	960,000	373,333
30,000	590,000	620,000	6,188	27,119	61,743	4,000	57,739	14,392	24,198	4,772	50,456	160,000	0,000	134746,766	134747,766	134751,106	134751,306	134751,466	134751,903	0,000	49666,766	49667,767	49671,106	49671,306	49671,466	49671,903	19,829	2,674	9,713	0,781	25,000	0,000	38,695	38,690	1,000	740,000	371,000	960,000	373,333
280,000	580,000	860,000	0,999	84,483	80,398	2,000	66,438	17,016	11,980	16,990	66,542	490,000	0,000	134757,296	134758,297	134801,981	134802,265	134802,755	134802,853	0,000	49677,296	49678,297	49681,981	49682,265	49682,755	49682,853	20,137	0,958	20,138	0,898	25,000	0,000	0,134	0,567	1,000	929,000	356,000	960,000	373,333
250,000	470,000	720,000	7,785	29,787	35,266	4,000	54,557	11,054	24,842	4,128	44,338	140,000	0,000	134808,491	134809,491	134815,327	134815,583	134815,723	134816,063	0,000	49688,491	49689,491	49695,327	49695,583	49695,723	49696,063	12,349	2,477	4,960	0,902	25,000	0,000	19,123	23,766	1,000	687,000	419,000	960,000	373,333
290,000	510,000	800,000	1,352	86,275	79,616	1,000	64,700	16,120	12,888	16,082	64,727	440,000	0,000	134821,593	134822,593	134827,745	134828,043	134828,483	134828,563	0,000	49701,593	49702,593	49707,745	49708,043	49708,483	49708,563	20,139	1,154	20,109	1,126	25,000	0,000	0,177	0,259	1,000	912,000	371,000	960,000	373,333
230,000	740,000	970,000	5,494	17,568	102,672	9,000	58,015	14,479	23,461	5,509	49,680	130,000	0,000	134833,987	134834,988	134840,338	134840,574	134840,704	134841,323	0,000	49713,987	49714,988	49720,338	49720,574	49720,704	49721,323	19,184	2,700	10,780	0,553	25,000	0,000	44,995	38,986	1,000	775,000	436,000	960,000	373,333
30,000	700,000	730,000	6,600	28,571	58,746	8,000	57,962	15,083	24,191	4,779	39,504	200,000	0,000	134846,747	134847,746	134850,755	134850,955	134851,155	134851,664	0,000	49726,747	49727,746	49730,755	49730,955	49731,155	49731,664	20,562	2,982	8,740	1,707	25,000	0,000	32,601	33,135	1,000	729,000	332,000	960,000	373,333
240,000	490,000	730,000	2,388	26,531	84,167	3,000	62,414	16,253	22,212	6,758	55,522	130,000	0,000	134857,676	134858,677	134901,763	134902,003	134902,133	134902,503	0,000	49737,676	49738,677	49741,763	49742,003	49742,133	49742,503	20,392	1,716	10,487	1,035	25,000	0,000	56,039	53,380	1,000	886,000	415,000	960,000	373,333
350,000	520,000	870,000	3,031	80,769	104,287	2,000	68,757	20,557	8,547	20,423	68,979	420,000	0,000	134907,608	134908,609	134911,183	134911,535	134911,955	134912,063	0,000	49747,608	49748,609	49751,183	49751,535	49751,955	49752,063	23,850	1,238	23,771	1,148	25,000	0,000	0,738	0,416	1,000	1065,000	349,000	960,000	373,333
250,000	670,000	920,000	1,142	73,134	97,231	2,000	64,444	20,280	9,138	19,832	65,075	490,000	0,000	134919,157	134920,158	134922,998	134923,253	134923,743	134923,933	0,000	49759,157	49760,158	49762,999	49763,253	49763,743	49763,933	26,720	2,531	26,448	2,149	25,000	0,000	0,568	0,695	1,000	976,000	336,000	960,000	373,333
260,000	430,000	690,000	2,277	97,674	73,252	0,000	63,773	15,468	13,504	15,466	63,773	420,000	0,000	134929,704	134930,705	134934,857	134935,124	134935,544	134935,563	0,000	49769,704	49770,705	49774,857	49775,124	49775,544	49775,563	19,632	1,182	19,632	1,182	25,000	0,000	NaN	2,858	1,000	881,000	391,000	960,000	373,333
