510,000	280,000	790,000	26,711	57,143	22,438	2,000	10,765	2,547	26,766	2,203	10,837	160,000	0,000	133858,656	133859,657	133905,010	133905,534	133905,694	133905,823	0,000	49138,656	49139,657	49145,010	49145,534	49145,694	49145,823	0,788	2,448	0,754	2,108	25,000	0,000	10,407	11,904	1,000	21,000	231,000	960,000	373,333
450,000	190,000	640,000	25,690	94,737	18,019	0,000	9,613	1,466	27,506	1,464	9,613	180,000	0,000	133914,558	133915,558	133917,905	133918,363	133918,543	133918,563	0,000	49154,558	49155,558	49157,905	49158,363	49158,543	49158,563	0,200	1,439	0,199	1,437	25,000	0,000	NaN	3,173	1,000	49,000	307,000	960,000	373,333
500,000	60,000	560,000	25,571	0,000	1,465	0,000	8,710	0,067	28,967	0,003	8,605	0,000	0,000	133924,502	133925,503	133929,386	133929,893	133929,893	133929,962	0,000	49164,502	49165,503	49169,386	49169,893	49169,893	49169,963	0,030	0,059	0,000	0,003	25,000	0,000	0,440	NaN	1,000	51,000	355,000	960,000	373,333
440,000	490,000	930,000	25,327	44,898	8,712	6,000	8,664	1,607	28,216	0,754	9,176	220,000	0,000	133937,217	133938,217	133943,476	133943,922	133944,142	133944,424	0,000	49177,217	49178,217	49183,476	49183,922	49184,142	49184,424	0,141	1,604	0,114	0,746	25,000	0,000	3,016	2,567	1,000	62,000	306,000	960,000	373,333
340,000	350,000	690,000	24,981	57,143	11,694	3,000	9,462	1,951	27,513	1,457	9,702	200,000	0,000	133949,082	133950,083	133954,109	133954,452	133954,652	133954,813	0,000	49189,082	49190,083	49194,109	49194,452	49194,652	49194,813	0,197	1,946	0,169	1,449	25,000	0,000	1,476	4,067	1,000	75,000	298,000	960,000	373,333
340,000	480,000	820,000	24,404	39,583	17,131	4,000	12,138	2,285	27,429	1,541	11,650	190,000	0,000	134000,384	134001,384	134007,113	134007,462	134007,652	134007,953	0,000	49200,384	49201,384	49207,113	49207,462	49207,652	49207,953	0,675	2,194	0,406	1,494	25,000	0,000	3,788	3,310	1,000	97,000	283,000	960,000	373,333
440,000	380,000	820,000	25,533	34,211	15,204	4,000	17,036	2,390	27,263	1,707	15,931	130,000	0,000	134013,501	134014,502	134016,649	134017,093	134017,223	134017,483	0,000	49213,501	49214,502	49216,649	49217,093	49217,223	49217,483	1,014	2,195	0,533	1,643	25,000	0,000	12,333	14,548	1,000	61,000	247,000	960,000	373,333
350,000	460,000	810,000	24,561	34,783	14,688	4,000	12,912	3,448	27,188	1,782	13,509	160,000	0,000	134023,001	134024,000	134029,821	134030,173	134030,333	134030,644	0,000	49223,001	49224,001	49229,821	49230,173	49230,333	49230,644	0,562	3,404	0,301	1,762	25,000	0,000	8,695	8,816	1,000	101,000	216,000	960,000	373,333
1430,000	0,000	1430,000	21,642	NaN	0,000	0,000	20,994	0,012	28,958	0,012	19,890	0,000	0,000	134035,139	134036,139	134040,104	134041,543	134041,543	134041,554	0,000	49235,139	49236,139	49240,104	49241,544	49241,544	49241,554	0,023	0,005	0,023	0,005	25,000	0,000	NaN	NaN	1,000	191,000	401,000	960,000	373,333
400,000	470,000	870,000	15,780	76,596	21,285	2,000	42,558	5,348	23,913	5,057	42,097	360,000	0,000	134047,601	134048,601	134050,807	134051,212	134051,572	134051,693	0,000	49247,601	49248,601	49250,807	49251,212	49251,572	49251,693	8,102	1,294	7,798	1,258	25,000	0,000	5,726	8,345	1,000	402,000	432,000	960,000	373,333
210,000	1220,000	1430,000	2,812	20,492	80,185	10,000	62,437	20,466	27,339	1,631	29,118	250,000	0,000	134056,554	134057,554	134102,147	134102,364	134102,614	134103,593	0,000	49256,554	49257,554	49262,147	49262,364	49262,614	49263,594	25,735	3,656	3,658	0,542	25,000	0,000	13,057	12,769	1,000	952,000	473,000	960,000	373,333
310,000	720,000	1030,000	6,583	41,667	38,564	5,000	55,971	14,854	23,209	5,761	44,229	300,000	0,000	134109,174	134110,174	134112,736	134113,052	134113,353	134113,784	0,000	49269,174	49270,174	49272,736	49273,053	49273,353	49273,784	18,287	3,717	8,354	1,845	25,000	0,000	19,175	25,296	1,000	776,000	518,000	960,000	373,333
330,000	440,000	770,000	6,400	97,727	71,775	0,000	56,864	18,833	10,132	18,838	56,864	430,000	0,000	134118,292	134119,292	134123,012	134123,344	134123,774	134123,793	0,000	49278,292	49279,292	49283,012	49283,344	49283,774	49283,793	21,496	5,545	21,503	5,547	25,000	0,000	NaN	20,262	1,000	913,000	596,000	960,000	373,333
410,000	460,000	870,000	5,343	93,478	86,620	1,000	62,776	17,275	11,703	17,267	62,776	430,000	0,000	134128,288	134129,287	134133,341	134133,753	134134,183	134134,223	0,000	49288,288	49289,287	49293,341	49293,753	49294,183	49294,223	20,588	3,152	20,590	3,131	25,000	0,000	NaN	0,530	1,000	855,000	215,000	960,000	373,333
370,000	540,000	910,000	3,558	72,222	54,264	2,000	62,979	15,836	14,777	14,193	63,385	390,000	0,000	134138,713	134139,712	134145,570	134145,943	134146,333	134146,493	0,000	49298,713	49299,712	49305,570	49305,943	49306,333	49306,493	19,604	1,912	18,196	1,731	25,000	0,000	37,919	40,920	1,000	849,000	434,000	960,000	373,333
360,000	450,000	810,000	5,518	97,778	78,918	0,000	58,547	14,308	14,662	14,307	58,547	440,000	0,000	134152,088	134153,088	134158,313	134158,683	134159,123	134159,144	0,000	49312,088	49313,088	49318,313	49318,683	49319,123	49319,144	17,271	2,786	17,271	2,786	25,000	0,000	NaN	2,441	1,000	786,000	464,000	960,000	373,333
360,000	620,000	980,000	5,304	58,065	86,782	3,000	65,261	22,635	8,414	20,556	65,937	360,000	0,000	134206,104	134207,104	134211,779	134212,144	134212,504	134212,774	0,000	49326,104	49327,104	49331,779	49332,144	49332,504	49332,774	25,654	3,800	23,927	3,384	25,000	0,000	40,729	42,608	1,000	1091,000	509,000	960,000	373,333
480,000	510,000	990,000	3,628	50,980	65,878	2,000	61,145	19,042	17,739	11,231	57,182	260,000	0,000	134217,281	134218,282	134221,043	134221,533	134221,793	134222,054	0,000	49337,281	49338,282	49341,043	49341,534	49341,794	49342,054	22,668	3,857	14,957	2,535	25,000	0,000	43,812	52,503	1,000	951,000	502,000	960,000	373,333
400,000	1030,000	1430,000	15,145	30,097	9,804	14,000	42,499	6,578	27,672	1,298	23,938	310,000	0,000	134226,551	134227,551	134233,136	134233,543	134233,853	134234,583	0,000	49346,551	49347,551	49353,136	49353,543	49353,853	49354,583	9,357	2,476	2,714	0,515	25,000	0,000	2,981	3,288	1,000	427,000	450,000	960,000	373,333
430,000	550,000	980,000	4,742	81,818	69,739	2,000	61,245	15,902	13,394	15,576	61,197	450,000	0,000	134239,088	134240,089	134245,148	134245,583	134246,033	134246,143	0,000	49359,088	49360,089	49365,148	49365,583	49366,033	49366,143	19,270	2,478	19,011	2,338	25,000	0,000	2,164	1,381	1,000	824,000	473,000	960,000	373,333
310,000	660,000	970,000	3,486	43,939	76,878	3,000	67,743	22,204	19,360	9,610	60,133	290,000	0,000	134250,643	134251,642	134255,687	134256,003	134256,293	134256,673	0,000	49370,643	49371,642	49375,687	49376,003	49376,293	49376,673	27,169	2,194	14,138	1,438	25,000	0,000	54,416	53,297	1,000	1074,000	422,000	960,000	373,333
380,000	580,000	960,000	6,695	46,552	78,242	2,000	69,790	25,547	16,994	11,976	65,498	270,000	0,000	134302,069	134303,070	134306,181	134306,563	134306,833	134307,154	0,000	49382,069	49383,070	49386,181	49386,563	49386,833	49387,154	29,765	2,453	16,260	1,158	25,000	0,000	50,424	54,320	1,000	1183,000	290,000	960,000	373,333
360,000	940,000	1300,000	1,996	26,596	45,567	6,000	67,892	19,754	24,857	4,113	46,975	250,000	0,000	134311,655	134312,656	134315,658	134316,024	134316,274	134316,973	0,000	49391,655	49392,656	49395,658	49396,024	49396,274	49396,973	24,892	0,928	7,198	0,378	25,000	0,000	17,782	17,149	1,000	1029,000	390,000	960,000	373,333
340,000	630,000	970,000	3,263	23,810	60,671	4,000	68,909	21,327	26,668	2,301	40,439	150,000	0,000	134321,476	134322,476	134324,917	134325,263	134325,413	134325,903	0,000	49401,476	49402,476	49404,917	49405,263	49405,413	49405,903	26,578	1,071	4,741	0,208	25,000	0,000	7,288	15,955	1,000	1076,000	375,000	960,000	373,333
400,000	670,000	1070,000	0,114	44,776	49,873	4,000	65,270	18,853	22,161	6,809	53,948	300,000	0,000	134333,255	134334,255	134337,463	134337,873	134338,173	134338,553	0,000	49413,255	49414,255	49417,463	49417,873	49418,173	49418,553	23,430	2,025	10,550	0,982	25,000	0,000	20,278	34,157	1,000	964,000	374,000	960,000	373,333
570,000	620,000	1190,000	1,482	50,000	60,430	2,000	66,712	19,453	20,184	8,786	60,259	310,000	0,000	134343,079	134344,079	134346,104	134346,683	134346,993	134347,313	0,000	49423,079	49424,079	49426,104	49426,683	49426,993	49427,313	24,637	1,323	13,667	0,504	25,000	0,000	34,568	42,098	1,000	1006,000	399,000	960,000	373,333
30,000	1400,000	1430,000	25,337	13,571	58,659	7,000	66,698	26,007	24,073	4,897	56,893	190,000	0,000	134351,826	134352,826	134354,962	134355,164	134355,354	134356,573	0,000	49431,826	49432,826	49434,963	49435,164	49435,354	49436,573	26,939	5,467	5,919	0,644	25,000	0,000	25,437	24,654	1,000	65,000	476,000	960,000	373,333
430,000	640,000	1070,000	4,622	34,375	45,624	6,000	59,374	17,760	23,703	5,267	45,900	220,000	0,000	134405,294	134406,294	134411,675	134412,112	134412,332	134412,763	0,000	49445,294	49446,294	49451,675	49452,113	49452,333	49452,763	20,984	4,219	7,803	1,397	25,000	0,000	17,581	29,059	1,000	875,000	514,000	960,000	373,333
370,000	660,000	1030,000	5,414	42,424	50,008	7,000	58,026	16,761	18,810	10,160	53,846	280,000	0,000	134417,263	134418,264	134421,522	134421,893	134422,173	134422,563	0,000	49457,263	49458,264	49461,522	49461,893	49462,173	49462,564	19,097	4,529	12,562	3,066	25,000	0,000	41,204	41,216	1,000	833,000	518,000	960,000	373,333
350,000	870,000	1220,000	3,275	60,920	51,966	4,000	62,091	18,729	13,597	15,373	61,235	530,000	0,000	134427,948	134428,948	134432,685	134433,043	134433,573	134433,923	0,000	49467,948	49468,949	49472,685	49473,043	49473,573	49473,923	23,404	3,321	20,232	2,656	25,000	0,000	29,400	31,347	1,000	927,000	485,000	960,000	373,333
390,000	720,000	1110,000	1,013	72,222	47,631	3,000	65,626	18,010	12,455	16,515	66,334	520,000	0,000	134438,424	134439,425	134442,231	134442,622	134443,142	134443,353	0,000	49478,424	49479,425	49482,231	49482,623	49483,143	49483,353	21,714	2,025	20,502	1,777	25,000	0,000	36,988	35,665	1,000	924,000	372,000	960,000	373,333
370,000	850,000	1220,000	4,862	17,647	47,701	6,000	66,466	23,392	26,942	2,028	37,999	150,000	0,000	134448,790	134449,790	134455,012	134455,383	134455,533	134456,243	0,000	49488,790	49489,790	49495,012	49495,383	49495,533	49496,243	27,315	3,574	3,767	0,309	25,000	0,000	3,682	13,918	1,000	1109,000	461,000	960,000	373,333
360,000	1060,000	1420,000	1,890	32,075	45,844	9,000	64,209	17,100	20,988	7,982	57,341	340,000	0,000	134500,745	134501,745	134506,284	134506,655	134506,995	134507,723	0,000	49500,745	49501,745	49506,284	49506,655	49506,995	49507,723	22,473	1,604	13,048	0,573	25,000	0,000	37,143	35,403	1,000	894,000	386,000	960,000	373,333
460,000	650,000	1110,000	4,677	52,308	40,637	2,000	61,592	14,146	19,964	9,005	59,586	340,000	0,000	134512,225	134513,225	134517,945	134518,413	134518,753	134519,072	0,000	49512,225	49513,225	49517,945	49518,413	49518,753	49519,072	18,143	1,548	13,190	0,614	25,000	0,000	29,345	31,459	1,000	795,000	394,000	960,000	373,333
420,000	650,000	1070,000	3,986	44,615	50,084	2,000	62,083	15,211	22,282	6,688	54,689	290,000	0,000	134523,564	134524,564	134529,711	134530,133	134530,423	134530,793	0,000	49523,564	49524,564	49529,711	49530,133	49530,423	49530,793	19,604	1,885	10,697	0,866	25,000	0,000	34,623	34,093	1,000	821,000	401,000	960,000	373,333
450,000	590,000	1040,000	1,877	49,153	63,223	2,000	64,621	17,057	17,441	11,529	63,699	290,000	0,000	134535,305	134536,306	134539,229	134539,684	134539,974	134540,283	0,000	49535,305	49536,306	49539,229	49539,684	49539,974	49540,283	21,013	1,941	15,835	1,151	25,000	0,000	50,201	53,208	1,000	898,000	398,000	960,000	373,333
420,000	490,000	910,000	3,620	28,571	63,852	2,000	63,435	15,365	26,409	2,561	43,148	140,000	0,000	134544,778	134545,778	134549,573	134550,003	134550,144	134550,503	0,000	49544,778	49545,778	49549,573	49550,004	49550,144	49550,503	19,350	1,575	4,796	0,342	25,000	0,000	12,618	19,376	1,000	832,000	387,000	960,000	373,333
410,000	610,000	1020,000	3,084	59,016	58,748	4,000	63,488	16,701	15,536	13,434	64,656	360,000	0,000	134554,992	134555,993	134600,571	134600,983	134601,343	134601,604	0,000	49554,992	49555,993	49560,571	49560,983	49561,343	49561,604	20,758	2,140	18,035	1,153	25,000	0,000	41,186	44,241	1,000	868,000	433,000	960,000	373,333
390,000	610,000	1000,000	5,387	83,607	69,116	3,000	63,169	13,728	15,302	13,668	63,257	510,000	0,000	134606,101	134607,101	134610,356	134610,754	134611,264	134611,373	0,000	49566,101	49567,101	49570,356	49570,754	49571,264	49571,373	16,905	1,296	16,873	1,237	25,000	0,000	0,208	0,393	1,000	769,000	359,000	960,000	373,333
400,000	470,000	870,000	4,117	23,404	64,484	2,000	63,944	15,114	27,105	1,865	40,944	110,000	0,000	134615,874	134616,875	134622,790	134623,193	134623,303	134623,673	0,000	49575,874	49576,875	49582,790	49583,193	49583,303	49583,673	18,815	1,521	3,667	0,189	25,000	0,000	5,089	17,234	1,000	814,000	384,000	960,000	373,333
400,000	900,000	1300,000	5,349	44,444	45,955	4,000	59,026	15,903	20,567	8,403	55,510	400,000	0,000	134630,271	134631,271	134637,104	134637,515	134637,915	134638,424	0,000	49590,271	49591,271	49597,104	49597,515	49597,915	49598,424	19,802	3,544	12,662	1,442	25,000	0,000	34,013	33,083	1,000	798,000	473,000	960,000	373,333
370,000	810,000	1180,000	7,893	39,506	45,925	4,000	57,442	13,606	19,951	9,019	56,471	320,000	0,000	134643,134	134644,134	134649,416	134649,793	134650,113	134650,613	0,000	49603,134	49604,134	49609,416	49609,793	49610,113	49610,613	15,948	3,544	11,867	1,936	25,000	0,000	37,639	36,908	1,000	686,000	434,000	960,000	373,333
380,000	950,000	1330,000	8,366	13,684	43,671	9,000	54,211	13,419	27,565	1,405	33,097	130,000	0,000	134655,115	134656,115	134659,963	134700,353	134700,483	134701,314	0,000	49615,115	49616,115	49619,963	49620,353	49620,483	49621,314	16,426	3,854	3,355	0,146	25,000	0,000	11,043	11,262	1,000	689,000	496,000	960,000	373,333
400,000	970,000	1370,000	3,478	35,052	46,607	8,000	61,855	17,605	21,088	7,881	56,215	340,000	0,000	134706,079	134707,079	134711,358	134711,765	134712,105	134712,743	0,000	49626,079	49627,079	49631,358	49631,765	49632,105	49632,743	21,630	2,981	11,995	0,844	25,000	0,000	31,513	31,258	1,000	901,000	482,000	960,000	373,333
350,000	490,000	840,000	6,080	59,184	52,347	2,000	61,166	13,329	20,680	8,290	57,514	290,000	0,000	134717,231	134718,233	134721,918	134722,274	134722,564	134722,774	0,000	49637,232	49638,233	49641,919	49642,274	49642,564	49642,774	17,832	1,350	12,631	1,146	25,000	0,000	32,034	39,710	1,000	750,000	322,000	960,000	373,333
400,000	900,000	1300,000	3,993	21,111	44,482	7,000	61,862	15,609	25,900	3,069	43,072	190,000	0,000	134727,268	134728,268	134731,971	134732,374	134732,564	134733,284	0,000	49647,268	49648,268	49651,971	49652,374	49652,564	49653,284	18,900	2,561	4,974	0,619	25,000	0,000	19,296	19,026	1,000	819,000	390,000	960,000	373,333
350,000	570,000	920,000	2,369	43,860	67,565	2,000	63,659	18,706	21,757	7,212	55,026	250,000	0,000	134737,777	134738,777	134742,602	134742,953	134743,203	134743,533	0,000	49657,777	49658,777	49662,602	49662,953	49663,203	49663,533	22,755	3,038	10,912	1,410	25,000	0,000	40,163	41,669	1,000	921,000	448,000	960,000	373,333
300,000	680,000	980,000	1,498	57,353	59,970	4,000	65,892	18,363	12,487	16,483	66,917	390,000	0,000	134748,437	134749,437	134753,465	134753,773	134754,163	134754,464	0,000	49668,437	49669,437	49673,465	49673,773	49674,163	49674,464	21,742	2,053	20,239	1,664	25,000	0,000	52,136	52,755	1,000	952,000	426,000	960,000	373,333
450,000	710,000	1160,000	2,947	60,563	53,276	2,000	63,459	19,473	14,838	14,132	61,595	430,000	0,000	134759,401	134800,401	134803,987	134804,443	134804,873	134805,163	0,000	49679,401	49680,401	49683,987	49684,444	49684,874	49685,163	23,091	3,376	17,915	2,420	25,000	0,000	32,648	34,750	1,000	965,000	478,000	960,000	373,333
380,000	580,000	960,000	2,758	55,172	59,733	2,000	63,332	17,300	17,798	11,171	62,951	320,000	0,000	134809,660	134810,661	134813,390	134813,773	134814,093	134814,363	0,000	49689,660	49690,661	49693,390	49693,773	49694,093	49694,363	20,648	2,646	15,052	1,247	25,000	0,000	44,399	48,576	1,000	892,000	444,000	960,000	373,333
370,000	480,000	850,000	1,724	58,333	66,107	2,000	65,509	17,559	15,608	13,361	66,373	280,000	0,000	134818,859	134819,859	134822,425	134822,804	134823,084	134823,293	0,000	49698,859	49699,859	49702,425	49702,804	49703,084	49703,293	21,067	1,631	17,366	1,002	25,000	0,000	55,845	53,937	1,000	918,000	418,000	960,000	373,333
360,000	590,000	950,000	3,160	22,034	72,161	4,000	65,120	21,532	26,809	2,161	38,375	130,000	0,000	134827,794	134828,793	134832,219	134832,585	134832,715	134833,183	0,000	49707,794	49708,793	49712,219	49712,585	49712,715	49713,183	25,682	3,377	4,227	0,363	25,000	0,000	6,255	17,117	1,000	1035,000	457,000	960,000	373,333
390,000	730,000	1120,000	4,618	34,247	59,606	4,000	66,570	23,355	23,728	5,242	53,809	250,000	0,000	134838,490	134839,490	134844,476	134844,874	134845,124	134845,613	0,000	49718,490	49719,490	49724,476	49724,874	49725,124	49725,613	27,733	3,517	9,209	0,296	25,000	0,000	21,529	29,966	1,000	1103,000	454,000	960,000	373,333
400,000	840,000	1240,000	4,071	26,190	48,853	6,000	64,560	21,600	25,794	3,176	43,235	220,000	0,000	134850,137	134851,137	134856,196	134856,604	134856,824	134857,453	0,000	49730,137	49731,137	49736,196	49736,604	49736,824	49737,453	25,849	3,516	5,933	0,372	25,000	0,000	17,331	17,317	1,000	1047,000	489,000	960,000	373,333
400,000	900,000	1300,000	1,527	31,111	40,786	8,000	64,814	18,160	25,643	3,326	42,380	280,000	0,000	134901,951	134902,951	134905,280	134905,683	134905,963	134906,594	0,000	49741,951	49742,951	49745,280	49745,683	49745,963	49746,594	22,839	2,278	6,193	0,574	25,000	0,000	13,703	15,805	1,000	906,000	379,000	960,000	373,333
500,000	580,000	1080,000	4,391	37,931	45,304	4,000	61,843	14,722	25,359	3,610	46,534	220,000	0,000	134911,091	134912,090	134915,191	134915,693	134915,913	134916,283	0,000	49751,091	49752,091	49755,191	49755,693	49755,913	49756,283	18,903	1,717	6,611	0,307	25,000	0,000	2,438	18,804	1,000	809,000	413,000	960,000	373,333
360,000	850,000	1210,000	3,143	15,294	45,211	6,000	61,644	20,083	27,523	1,446	32,331	130,000	0,000	134920,785	134921,786	134925,366	134925,736	134925,866	134926,593	0,000	49760,785	49761,786	49765,366	49765,736	49765,866	49766,593	23,430	4,809	2,984	0,396	25,000	0,000	8,242	10,172	1,000	930,000	481,000	960,000	373,333
370,000	750,000	1120,000	7,265	40,000	46,253	4,000	54,674	15,508	21,601	7,368	50,018	300,000	0,000	134933,105	134934,105	134939,229	134939,603	134939,903	134940,363	0,000	49773,105	49774,105	49779,229	49779,603	49779,903	49780,363	18,311	4,839	10,658	1,998	25,000	0,000	33,893	33,432	1,000	767,000	545,000	960,000	373,333
360,000	1070,000	1430,000	6,115	14,019	40,372	8,000	56,635	17,154	27,774	1,196	29,189	150,000	0,000	134944,854	134945,853	134949,279	134949,643	134949,793	134950,723	0,000	49784,854	49785,854	49789,279	49789,643	49789,793	49790,724	20,484	5,091	2,974	0,269	25,000	0,000	8,189	8,126	1,000	818,000	538,000	960,000	373,333
430,000	980,000	1410,000	5,207	29,592	37,460	8,000	58,062	17,849	25,342	3,628	43,628	290,000	0,000	134955,222	134956,222	135000,960	135001,392	135001,682	135002,382	0,000	49795,222	49796,222	49800,960	49801,392	49801,682	49802,382	21,377	4,923	6,987	0,523	25,000	0,000	16,353	16,394	1,000	847,000	520,000	960,000	373,333
