460,000	970,000	1430,000	23,354	17,526	41,171	13,000	22,047	15,717	25,113	3,856	6,914	170,000	0,000	143628,534	143629,534	143634,726	143635,191	143635,361	143636,171	0,000	52588,534	52589,534	52594,726	52595,191	52595,361	52596,171	8,428	13,884	0,201	3,866	25,000	0,000	20,773	23,062	1,000	186,000	674,000	960,000	373,333
540,000	190,000	730,000	23,550	0,000	72,348	0,000	14,727	7,132	28,970	0,000	9,917	0,000	0,000	143643,793	143644,793	143650,157	143650,701	143650,701	143650,901	0,000	52603,793	52604,794	52610,157	52610,701	52610,701	52610,901	2,837	6,673	0,008	0,000	25,000	0,000	53,826	NaN	1,000	174,000	662,000	960,000	373,333
650,000	780,000	1430,000	21,929	19,231	38,059	8,000	19,312	12,595	25,365	3,605	17,934	150,000	0,000	143657,022	143658,021	143700,180	143700,833	143700,983	143701,621	0,000	52617,022	52618,021	52620,180	52620,833	52620,983	52621,621	5,336	11,506	2,002	3,171	25,000	0,000	21,809	20,984	1,000	211,000	590,000	960,000	373,333
440,000	990,000	1430,000	22,134	28,283	73,831	10,000	16,310	15,018	19,389	9,581	16,341	280,000	0,000	143706,201	143707,202	143709,809	143710,251	143710,531	143711,251	0,000	52626,201	52627,202	52629,809	52630,251	52630,531	52631,251	5,094	14,195	3,591	8,979	25,000	0,000	6,678	4,176	1,000	190,000	536,000	960,000	373,333
390,000	410,000	800,000	23,987	60,976	42,159	2,000	13,440	6,214	23,593	5,377	13,356	250,000	0,000	143718,147	143719,148	143721,896	143722,292	143722,542	143722,711	0,000	52638,147	52639,148	52641,896	52642,292	52642,542	52642,711	1,434	6,019	1,216	5,218	25,000	0,000	0,510	1,630	1,000	155,000	655,000	960,000	373,333
330,000	280,000	610,000	20,368	96,429	67,056	0,000	24,421	9,666	19,306	9,664	24,421	270,000	0,000	143727,725	143728,725	143732,120	143732,451	143732,721	143732,742	0,000	52647,725	52648,725	52652,120	52652,451	52652,721	52652,742	5,513	8,129	5,514	8,127	25,000	0,000	NaN	4,569	1,000	332,000	734,000	960,000	373,333
350,000	1080,000	1430,000	21,315	18,519	37,718	12,000	19,779	11,295	22,775	6,195	19,423	200,000	0,000	143738,426	143739,427	143744,494	143744,851	143745,051	143745,941	0,000	52658,426	52659,427	52664,494	52664,851	52665,051	52665,941	3,526	10,678	1,651	5,961	25,000	0,000	23,196	27,230	1,000	211,000	489,000	960,000	373,333
350,000	1080,000	1430,000	17,647	27,778	103,132	13,000	30,881	20,136	12,358	16,612	30,882	300,000	0,000	143752,139	143753,139	143757,489	143757,841	143758,141	143758,931	0,000	52672,139	52673,139	52677,489	52677,841	52678,141	52678,931	12,882	15,970	11,018	13,046	25,000	0,000	14,885	16,648	1,000	437,000	720,000	960,000	373,333
370,000	1060,000	1430,000	22,183	13,208	80,612	10,000	19,237	16,704	20,986	7,984	18,202	140,000	0,000	143807,109	143808,109	143811,632	143812,011	143812,151	143813,081	0,000	52687,109	52688,109	52691,632	52692,011	52692,151	52693,081	5,607	15,643	2,503	7,531	25,000	0,000	58,458	57,955	1,000	254,000	725,000	960,000	373,333
320,000	1110,000	1430,000	10,023	30,631	138,447	10,000	43,543	28,394	7,421	21,549	46,519	340,000	0,000	143818,560	143819,560	143822,132	143822,463	143822,803	143823,581	0,000	52698,560	52699,560	52702,132	52702,463	52702,803	52703,581	22,920	18,107	19,379	12,200	25,000	0,000	9,514	10,817	1,000	727,000	643,000	960,000	373,333
330,000	320,000	650,000	18,349	96,875	84,556	0,000	29,607	14,004	14,967	14,003	29,607	310,000	0,000	143830,198	143831,198	143835,597	143835,932	143836,242	143836,262	0,000	52710,198	52711,198	52715,597	52715,932	52716,242	52716,262	9,168	11,058	9,168	11,057	25,000	0,000	NaN	3,879	1,000	458,000	790,000	960,000	373,333
290,000	620,000	910,000	15,713	54,839	132,318	5,000	40,561	22,081	7,267	21,702	40,879	340,000	0,000	143840,914	143841,914	143846,794	143847,091	143847,431	143847,731	0,000	52720,914	52721,914	52726,794	52727,091	52727,431	52727,731	17,411	14,541	17,301	14,163	25,000	0,000	5,325	3,903	1,000	768,000	898,000	960,000	373,333
380,000	510,000	890,000	20,721	25,490	65,210	2,000	26,933	14,724	24,480	4,489	25,187	130,000	0,000	143852,657	143853,657	143859,543	143859,932	143860,062	143900,451	0,000	52732,657	52733,657	52739,543	52739,932	52740,062	52740,451	8,972	12,151	3,689	3,525	25,000	0,000	36,362	34,787	1,000	414,000	868,000	960,000	373,333
100,000	20,000	120,000	24,444	0,000	0,000	0,000	14,224	0,000	28,970	0,000	14,224	0,000	0,000	143905,586	143906,586	143911,637	143911,837	143911,837	143911,861	0,000	52745,586	52746,586	52751,637	52751,838	52751,838	52751,861	0,000	0,000	0,000	0,000	25,000	0,000	NaN	NaN	1,000	91,000	359,000	960,000	373,333
320,000	280,000	600,000	20,392	85,714	78,830	2,000	23,015	9,471	19,544	9,426	23,028	240,000	0,000	143917,044	143918,044	143924,012	143924,341	143924,581	143924,632	0,000	52757,044	52758,044	52764,012	52764,341	52764,581	52764,632	4,727	8,246	4,707	8,213	25,000	0,000	0,014	6,636	1,000	303,000	680,000	960,000	373,333
330,000	630,000	960,000	19,512	47,619	109,763	6,000	27,676	15,967	13,967	15,003	27,905	300,000	0,000	143932,250	143933,250	143937,729	143938,061	143938,361	143938,701	0,000	52772,250	52773,250	52777,729	52778,061	52778,361	52778,701	9,930	13,022	9,578	12,128	25,000	0,000	1,628	0,555	1,000	455,000	849,000	960,000	373,333
30,000	20,000	50,000	24,627	0,000	0,000	0,000	11,825	0,000	28,970	0,000	11,825	0,000	0,000	143944,873	143945,874	143949,482	143949,683	143949,683	143949,711	0,000	52784,873	52785,874	52789,482	52789,683	52789,683	52789,711	0,000	0,000	0,000	0,000	25,000	0,000	NaN	NaN	1,000	85,000	406,000	960,000	373,333
270,000	1160,000	1430,000	11,383	18,103	133,873	15,000	49,654	35,261	8,864	20,106	51,255	210,000	0,000	143956,022	143957,022	144001,618	144001,891	144002,101	144003,061	0,000	52796,022	52797,023	52801,618	52801,891	52802,101	52803,061	32,697	18,912	21,913	8,794	25,000	0,000	91,327	100,097	1,000	593,000	544,000	960,000	373,333
290,000	130,000	420,000	13,171	0,000	96,176	0,000	47,899	7,422	28,945	0,025	21,429	0,000	0,000	144008,077	144009,078	144012,167	144012,461	144012,461	144012,601	0,000	52808,077	52809,078	52812,167	52812,461	52812,461	52812,601	9,946	1,669	0,067	0,008	25,000	0,000	73,779	NaN	1,000	498,000	450,000	960,000	373,333
350,000	1080,000	1430,000	12,725	31,481	168,146	9,000	61,852	37,868	3,648	32,618	63,990	340,000	0,000	144019,717	144020,718	144026,152	144026,511	144026,851	144027,632	0,000	52819,717	52820,718	52826,152	52826,511	52826,851	52827,632	40,078	12,271	36,228	9,284	25,000	0,000	94,989	101,681	1,000	1318,000	650,000	960,000	373,333
320,000	310,000	630,000	14,364	96,774	171,240	0,000	55,678	29,578	0,505	29,475	55,678	300,000	0,000	144032,365	144033,364	144037,625	144037,952	144038,252	144038,271	0,000	52832,365	52833,365	52837,626	52837,952	52838,252	52838,271	30,794	11,956	30,843	11,898	25,000	0,000	NaN	167,558	1,000	1204,000	822,000	960,000	373,333
380,000	260,000	640,000	9,557	0,000	195,558	0,000	64,904	26,477	28,942	0,027	25,542	0,000	0,000	144043,392	144044,393	144049,331	144049,723	144049,723	144049,992	0,000	52843,393	52844,393	52849,331	52849,723	52849,723	52849,992	29,736	5,127	0,067	0,005	25,000	0,000	163,341	NaN	1,000	1232,000	577,000	960,000	373,333
520,000	910,000	1430,000	11,720	59,341	114,769	6,000	60,934	30,885	0,141	29,111	61,812	540,000	0,000	144055,393	144056,393	144059,864	144100,391	144100,932	144101,311	0,000	52855,393	52856,393	52859,864	52860,392	52860,932	52861,311	33,332	9,469	32,087	8,379	25,000	0,000	6,181	4,980	1,000	1220,000	699,000	960,000	373,333
360,000	290,000	650,000	6,619	89,655	161,184	1,000	66,706	24,660	6,241	22,729	66,706	260,000	0,000	144106,058	144107,058	144110,285	144110,652	144110,912	144110,951	0,000	52866,058	52867,058	52870,285	52870,652	52870,912	52870,951	29,907	3,282	29,207	2,918	25,000	0,000	NaN	145,128	1,000	1159,000	499,000	960,000	373,333
30,000	590,000	620,000	12,041	91,525	158,980	1,000	64,253	31,407	2,295	31,265	64,379	540,000	0,000	144116,521	144117,521	144120,600	144120,800	144121,340	144121,401	0,000	52876,521	52877,521	52880,600	52880,800	52881,340	52881,401	36,343	7,623	36,261	7,604	25,000	0,000	2,068	3,465	1,000	1312,000	617,000	960,000	373,333
310,000	280,000	590,000	7,022	96,429	158,595	0,000	70,208	24,668	4,434	24,536	70,208	270,000	0,000	144125,981	144126,981	144132,157	144132,471	144132,741	144132,761	0,000	52885,981	52886,981	52892,157	52892,471	52892,741	52892,762	29,370	1,400	29,385	1,372	25,000	0,000	NaN	140,309	1,000	1206,000	416,000	960,000	373,333
350,000	930,000	1280,000	13,511	32,258	125,619	7,000	69,291	31,177	6,952	22,017	72,931	300,000	0,000	144138,742	144139,742	144143,288	144143,641	144143,941	144144,581	0,000	52898,742	52899,742	52903,288	52903,641	52903,941	52904,581	36,478	3,742	28,593	1,931	25,000	0,000	113,702	110,701	1,000	1439,000	410,000	960,000	373,333
320,000	340,000	660,000	8,677	97,059	136,989	0,000	68,413	26,103	2,961	26,008	68,413	330,000	0,000	144149,823	144150,823	144155,743	144156,072	144156,402	144156,421	0,000	52909,823	52910,823	52915,743	52916,072	52916,402	52916,421	31,385	2,613	31,413	2,597	25,000	0,000	NaN	113,781	1,000	1246,000	489,000	960,000	373,333
320,000	550,000	870,000	8,537	98,182	129,837	0,000	59,867	26,666	2,306	26,664	59,867	540,000	0,000	144201,445	144202,446	144207,470	144207,801	144208,341	144208,361	0,000	52921,445	52922,446	52927,471	52927,801	52928,341	52928,361	29,617	7,906	29,617	7,906	25,000	0,000	NaN	1,874	1,000	1141,000	617,000	960,000	373,333
320,000	960,000	1280,000	11,223	26,042	132,754	6,000	69,971	32,673	5,664	23,306	72,398	250,000	0,000	144215,149	144216,149	144221,177	144221,503	144221,753	144222,470	0,000	52935,149	52936,149	52941,177	52941,503	52941,753	52942,470	36,480	4,331	28,087	2,603	25,000	0,000	109,642	109,488	1,000	1359,000	379,000	960,000	373,333
340,000	590,000	930,000	2,912	83,051	99,226	2,000	64,968	21,395	7,771	21,199	65,173	490,000	0,000	144228,355	144229,356	144234,104	144234,452	144234,942	144235,051	0,000	52948,355	52949,356	52954,104	52954,452	52954,942	52955,051	26,325	2,816	26,227	2,608	25,000	0,000	3,107	0,462	1,000	1046,000	431,000	960,000	373,333
380,000	810,000	1190,000	2,385	61,728	86,776	5,000	65,843	19,462	9,682	19,288	66,043	500,000	0,000	144239,975	144240,975	144246,189	144246,571	144247,071	144247,391	0,000	52959,975	52960,975	52966,189	52966,571	52967,071	52967,392	22,755	2,278	22,647	2,101	25,000	0,000	3,025	3,820	1,000	1002,000	447,000	960,000	373,333
360,000	810,000	1170,000	10,466	55,556	147,877	5,000	69,204	28,959	0,292	28,678	69,553	450,000	0,000	144253,194	144254,195	144256,873	144257,241	144257,691	144258,061	0,000	52973,194	52974,195	52976,874	52977,241	52977,691	52978,061	33,583	3,403	33,396	3,134	25,000	0,000	0,438	0,348	1,000	1332,000	383,000	960,000	373,333
450,000	730,000	1180,000	9,326	71,233	135,188	4,000	73,878	35,146	3,398	32,368	75,176	520,000	0,000	144303,459	144304,461	144306,593	144307,052	144307,572	144307,792	0,000	52983,460	52984,461	52986,593	52987,052	52987,572	52987,792	39,828	2,306	37,396	2,148	25,000	0,000	8,390	11,912	1,000	1291,000	393,000	960,000	373,333
340,000	640,000	980,000	4,119	45,312	88,631	5,000	68,265	24,253	10,537	18,433	70,886	290,000	0,000	144313,592	144314,592	144317,516	144317,861	144318,151	144318,511	0,000	52993,592	52994,592	52997,517	52997,861	52998,151	52998,511	27,452	2,926	22,556	1,397	25,000	0,000	73,657	72,399	1,000	1093,000	312,000	960,000	373,333
400,000	930,000	1330,000	3,097	29,032	61,904	9,000	59,466	19,381	18,318	10,652	55,528	270,000	0,000	144324,721	144325,722	144330,805	144331,212	144331,482	144332,151	0,000	53004,721	53005,722	53010,805	53011,212	53011,482	53012,151	22,812	4,698	14,324	2,747	25,000	0,000	45,547	44,998	1,000	850,000	368,000	960,000	373,333
330,000	370,000	700,000	12,629	70,270	45,739	2,000	49,658	7,931	21,981	6,988	51,616	260,000	0,000	144338,718	144339,719	144343,940	144344,270	144344,530	144344,651	0,000	53018,718	53019,719	53023,940	53024,270	53024,530	53024,651	9,028	2,399	8,754	1,376	25,000	0,000	0,757	9,799	1,000	511,000	368,000	960,000	373,333
380,000	370,000	750,000	10,351	54,054	48,664	3,000	56,310	8,923	21,394	7,576	56,710	200,000	0,000	144349,476	144350,477	144355,506	144355,892	144356,092	144356,271	0,000	53029,476	53030,477	53035,507	53035,892	53036,092	53036,271	12,264	0,647	11,164	0,419	25,000	0,000	41,793	40,434	1,000	592,000	368,000	960,000	373,333
440,000	990,000	1430,000	1,542	46,465	97,559	6,000	65,537	21,902	9,003	19,967	66,238	460,000	0,000	144401,191	144402,192	144404,259	144404,701	144405,161	144405,701	0,000	53041,192	53042,192	53044,259	53044,701	53045,161	53045,701	24,024	3,630	22,434	2,546	25,000	0,000	1,063	0,761	1,000	996,000	332,000	960,000	373,333
410,000	500,000	910,000	3,767	56,000	51,254	2,000	60,401	15,040	17,538	11,431	59,733	280,000	0,000	144411,076	144412,076	144414,922	144415,343	144415,623	144415,851	0,000	53051,076	53052,076	53054,922	53055,343	53055,623	53055,851	18,058	2,336	14,738	1,606	25,000	0,000	35,965	40,118	1,000	845,000	442,000	960,000	373,333
370,000	390,000	760,000	7,745	97,436	60,717	0,000	57,643	11,532	17,437	11,533	57,643	380,000	0,000	144421,969	144422,969	144427,646	144428,020	144428,400	144428,421	0,000	53061,969	53062,969	53067,646	53068,020	53068,400	53068,421	14,203	1,943	14,204	1,942	25,000	0,000	NaN	5,883	1,000	685,000	388,000	960,000	373,333
390,000	550,000	940,000	3,971	43,636	80,099	3,000	65,940	20,758	14,005	14,965	67,842	240,000	0,000	144433,710	144434,710	144436,782	144437,183	144437,423	144437,742	0,000	53073,710	53074,710	53076,782	53077,183	53077,423	53077,742	23,709	2,954	18,711	1,693	25,000	0,000	69,016	66,834	1,000	1037,000	255,000	960,000	373,333
420,000	630,000	1050,000	5,358	39,683	113,677	4,000	67,639	26,130	11,657	17,313	66,768	250,000	0,000	144442,327	144443,327	144445,592	144446,021	144446,271	144446,661	0,000	53082,327	53083,327	53085,592	53086,021	53086,271	53086,661	30,349	3,600	21,935	3,241	25,000	0,000	99,959	98,610	1,000	1116,000	264,000	960,000	373,333
430,000	700,000	1130,000	4,594	90,000	60,882	1,000	61,682	19,512	9,534	19,435	61,749	630,000	0,000	144452,875	144453,874	144459,073	144459,511	144460,141	144500,222	0,000	53092,875	53093,874	53099,073	53099,511	53100,141	53100,222	21,629	4,502	21,594	4,428	25,000	0,000	1,868	1,206	1,000	961,000	210,000	960,000	373,333
30,000	20,000	50,000	24,638	0,000	0,000	0,000	12,758	0,000	28,970	0,000	12,758	0,000	0,000	144507,997	144508,997	144511,084	144511,285	144511,285	144511,311	0,000	53107,997	53108,998	53111,084	53111,285	53111,285	53111,311	0,000	0,000	0,000	0,000	25,000	0,000	NaN	NaN	1,000	84,000	371,000	960,000	373,333
330,000	690,000	1020,000	3,279	57,971	118,308	6,000	67,984	21,471	7,896	21,074	68,126	400,000	0,000	144517,233	144518,233	144520,711	144521,051	144521,451	144521,751	0,000	53117,233	53118,233	53120,711	53121,051	53121,451	53121,751	24,498	1,998	24,162	1,772	25,000	0,000	0,776	0,166	1,000	1073,000	402,000	960,000	373,333
320,000	430,000	750,000	4,921	97,674	72,841	0,000	60,348	14,761	14,209	14,761	60,348	420,000	0,000	144526,336	144527,336	144531,286	144531,612	144532,032	144532,051	0,000	53126,336	53127,336	53131,286	53131,612	53132,032	53132,051	18,593	2,283	18,595	2,283	25,000	0,000	NaN	10,578	1,000	794,000	318,000	960,000	373,333
380,000	560,000	940,000	4,043	32,143	36,512	4,000	61,291	14,791	23,677	5,293	54,189	180,000	0,000	144537,207	144538,207	144541,653	144542,041	144542,221	144542,611	0,000	53137,207	53138,207	53141,653	53142,041	53142,221	53142,611	17,244	2,449	7,661	0,365	25,000	0,000	13,058	30,847	1,000	817,000	388,000	960,000	373,333
360,000	410,000	770,000	7,178	97,561	73,051	0,000	56,381	14,464	14,506	14,463	56,381	400,000	0,000	144547,578	144548,579	144553,435	144553,802	144554,202	144554,222	0,000	53147,578	53148,579	53153,435	53153,802	53154,202	53154,222	16,960	3,854	16,961	3,851	25,000	0,000	NaN	4,160	1,000	740,000	244,000	960,000	373,333
360,000	1070,000	1430,000	0,564	42,991	104,425	10,000	67,456	24,292	7,882	21,088	68,341	460,000	0,000	144601,174	144602,174	144605,419	144605,780	144606,241	144606,862	0,000	53161,174	53162,174	53165,419	53165,781	53166,241	53166,862	27,239	3,702	24,498	1,865	25,000	0,000	6,045	0,201	1,000	964,000	393,000	960,000	373,333
420,000	450,000	870,000	3,847	64,444	99,694	2,000	62,410	21,219	11,305	17,665	62,201	290,000	0,000	144612,739	144613,739	144619,271	144619,702	144619,992	144620,162	0,000	53172,739	53173,739	53179,271	53179,702	53179,992	53180,162	23,767	5,148	20,497	4,918	25,000	0,000	57,443	69,824	1,000	997,000	505,000	960,000	373,333
30,000	960,000	990,000	7,883	11,458	131,651	10,000	69,178	29,941	28,947	0,023	13,364	110,000	0,000	144625,694	144626,694	144629,486	144629,686	144629,796	144630,652	0,000	53185,694	53186,694	53189,486	53189,686	53189,796	53190,652	35,411	4,191	0,107	0,010	25,000	0,000	2,956	0,132	1,000	1239,000	400,000	960,000	373,333
350,000	830,000	1180,000	7,387	49,398	133,217	6,000	66,544	26,368	3,608	25,362	66,746	410,000	0,000	144635,270	144636,270	144639,538	144639,892	144640,302	144640,731	0,000	53195,270	53196,270	53199,538	53199,892	53200,302	53200,731	26,974	5,795	26,103	5,388	25,000	0,000	1,575	2,988	1,000	1141,000	183,000	960,000	373,333
450,000	640,000	1090,000	6,161	32,812	93,668	4,000	69,122	25,300	19,158	9,812	65,311	210,000	0,000	144647,206	144648,206	144651,502	144651,961	144652,171	144652,611	0,000	53207,206	53208,206	53211,502	53211,961	53212,171	53212,611	29,481	2,477	14,330	0,431	25,000	0,000	58,766	63,337	1,000	1179,000	378,000	960,000	373,333
360,000	630,000	990,000	5,987	44,444	96,654	5,000	68,301	23,755	10,325	18,644	69,270	280,000	0,000	144657,200	144658,200	144701,736	144702,101	144702,380	144702,742	0,000	53217,200	53218,200	53221,736	53222,101	53222,381	53222,742	27,367	2,645	22,769	2,231	25,000	0,000	77,777	75,868	1,000	1155,000	288,000	960,000	373,333
320,000	890,000	1210,000	2,736	61,798	76,883	6,000	63,505	18,304	10,893	18,077	63,790	550,000	0,000	144708,783	144709,783	144715,245	144715,571	144716,121	144716,471	0,000	53228,783	53229,784	53235,245	53235,571	53236,121	53236,471	24,189	1,631	24,049	1,436	25,000	0,000	0,458	0,737	1,000	971,000	470,000	960,000	373,333
340,000	510,000	850,000	3,017	58,824	65,657	2,000	60,034	15,899	16,104	12,866	59,598	300,000	0,000	144721,418	144722,418	144725,969	144726,312	144726,612	144726,831	0,000	53241,418	53242,418	53245,969	53246,312	53246,612	53246,831	19,577	2,672	16,844	1,941	25,000	0,000	39,870	43,392	1,000	862,000	417,000	960,000	373,333
470,000	960,000	1430,000	5,114	27,083	91,151	9,000	65,529	23,132	12,577	16,393	64,922	260,000	0,000	144731,787	144732,788	144735,170	144735,641	144735,901	144736,611	0,000	53251,787	53252,788	53255,170	53255,641	53255,901	53256,611	26,723	3,967	20,430	3,181	25,000	0,000	76,799	76,411	1,000	1078,000	235,000	960,000	373,333
390,000	990,000	1380,000	3,385	22,222	48,140	9,000	65,012	20,535	23,755	5,215	47,374	220,000	0,000	144755,614	144756,614	144800,347	144800,741	144800,961	144801,741	0,000	53275,614	53276,614	53280,347	53280,741	53280,961	53281,741	24,894	3,323	8,268	1,394	25,000	0,000	27,837	28,448	1,000	958,000	253,000	960,000	373,333
340,000	710,000	1050,000	4,282	36,620	58,952	6,000	60,499	16,284	18,749	10,221	55,920	260,000	0,000	144806,379	144807,378	144811,364	144811,711	144811,971	144812,431	0,000	53286,379	53287,379	53291,364	53291,711	53291,971	53292,431	20,621	2,841	14,337	2,202	25,000	0,000	48,046	52,169	1,000	836,000	285,000	960,000	373,333
