670,000	320,000	990,000	27,144	43,750	61,041	2,000	8,656	9,191	25,403	3,567	9,226	140,000	0,000	151103,806	151104,807	151108,760	151109,440	151109,580	151109,768	0,000	54663,806	54664,807	54668,760	54669,440	54669,580	54669,768	0,944	9,165	0,201	3,596	25,000	0,000	15,543	27,226	1,000	70,000	0,000	960,000	373,333
520,000	500,000	1020,000	13,459	34,000	39,792	3,000	44,490	9,385	25,610	3,360	33,355	170,000	0,000	151115,706	151116,706	151122,391	151122,920	151123,090	151123,430	0,000	54675,706	54676,706	54682,391	54682,920	54683,090	54683,430	11,644	3,854	5,086	1,680	25,000	0,000	21,209	19,605	1,000	501,000	238,000	960,000	373,333
350,000	540,000	890,000	19,923	27,778	47,928	2,000	26,758	12,089	27,602	1,368	15,677	150,000	0,000	151129,979	151130,981	151134,345	151134,699	151134,849	151135,249	0,000	54689,979	54690,981	54694,345	54694,699	54694,849	54695,249	7,590	9,985	0,567	1,288	25,000	0,000	26,274	7,774	1,000	358,000	0,000	960,000	373,333
350,000	570,000	920,000	16,619	31,579	45,283	4,000	36,302	14,646	25,527	3,443	21,645	180,000	0,000	151140,008	151141,008	151145,950	151146,311	151146,491	151146,889	0,000	54700,008	54701,008	54705,950	54706,311	54706,491	54706,889	12,241	10,066	2,452	2,849	25,000	0,000	10,737	18,995	1,000	502,000	0,000	960,000	373,333
410,000	560,000	970,000	11,549	35,714	68,738	5,000	49,176	19,270	22,472	6,498	32,835	200,000	0,000	151151,962	151152,962	151155,866	151156,280	151156,480	151156,848	0,000	54711,962	54712,962	54715,866	54716,280	54716,480	54716,848	18,896	9,506	5,306	4,698	25,000	0,000	32,033	35,879	1,000	789,000	0,000	960,000	373,333
420,000	200,000	620,000	27,109	95,000	21,857	0,000	14,363	2,653	26,340	2,630	14,363	190,000	0,000	151204,763	151205,764	151210,259	151210,689	151210,879	151210,898	0,000	54724,763	54725,764	54730,259	54730,689	54730,879	54730,898	1,524	2,367	1,531	2,341	25,000	0,000	NaN	21,672	1,000	0,000	287,000	960,000	373,333
310,000	840,000	1150,000	14,335	16,667	41,245	6,000	41,546	15,582	25,325	3,644	27,138	140,000	0,000	151215,848	151216,847	151219,091	151219,410	151219,550	151220,258	0,000	54735,848	54736,847	54739,091	54739,410	54739,550	54740,258	13,951	9,478	2,985	2,753	25,000	0,000	24,618	23,532	1,000	613,000	0,000	960,000	373,333
470,000	960,000	1430,000	23,587	14,583	21,648	12,000	17,297	9,011	26,295	2,674	19,937	140,000	0,000	151224,959	151225,960	151228,005	151228,480	151228,620	151229,449	0,000	54744,959	54745,960	54748,005	54748,480	54748,620	54749,449	2,899	8,507	1,589	2,299	25,000	0,000	13,362	18,389	1,000	181,000	684,000	960,000	373,333
370,000	610,000	980,000	11,370	37,705	43,484	4,000	45,635	15,360	21,508	7,462	38,177	230,000	0,000	151234,311	151235,311	151241,020	151241,399	151241,629	151242,018	0,000	54754,311	54755,311	54761,020	54761,399	54761,629	54762,018	16,484	7,540	8,853	4,132	25,000	0,000	36,928	40,458	1,000	678,000	663,000	960,000	373,333
350,000	1080,000	1430,000	20,693	30,556	32,148	10,000	26,723	15,933	20,790	8,180	30,035	330,000	0,000	151247,629	151248,630	151253,673	151254,030	151254,360	151255,118	0,000	54767,629	54768,630	54773,673	54774,030	54774,360	54775,118	8,941	13,444	6,493	5,999	25,000	0,000	22,536	22,300	1,000	419,000	872,000	960,000	373,333
280,000	690,000	970,000	10,422	47,826	71,340	2,000	49,915	21,450	18,951	10,019	45,930	330,000	0,000	151300,295	151301,295	151306,374	151306,660	151306,990	151307,358	0,000	54780,295	54781,295	54786,374	54786,660	54786,990	54787,358	22,390	10,156	12,498	4,751	25,000	0,000	43,483	48,179	1,000	884,000	736,000	960,000	373,333
350,000	680,000	1030,000	17,706	44,118	55,179	4,000	33,927	18,530	16,875	12,095	33,862	300,000	0,000	151312,986	151313,986	151319,660	151320,019	151320,319	151320,749	0,000	54792,986	54793,987	54799,660	54800,019	54800,319	54800,749	13,669	13,782	10,025	8,673	25,000	0,000	45,359	45,446	1,000	596,000	887,000	960,000	373,333
510,000	480,000	990,000	24,730	27,083	48,563	4,000	14,803	13,180	24,018	4,952	14,544	130,000	0,000	151325,253	151326,253	151330,519	151331,039	151331,169	151331,528	0,000	54805,253	54806,253	54810,519	54811,039	54811,169	54811,528	3,575	12,663	1,379	4,769	25,000	0,000	33,398	37,708	1,000	227,000	859,000	960,000	373,333
610,000	730,000	1340,000	8,441	21,918	80,423	7,000	56,702	22,881	23,823	5,147	40,737	160,000	0,000	151336,331	151337,332	151343,046	151343,659	151343,819	151344,398	0,000	54816,331	54817,332	54823,047	54823,659	54823,819	54824,398	24,922	7,934	6,735	2,499	25,000	0,000	31,888	31,073	1,000	1017,000	668,000	960,000	373,333
350,000	590,000	940,000	1,406	52,542	56,376	2,000	68,542	19,520	18,863	10,107	63,800	310,000	0,000	151349,715	151350,715	151355,006	151355,360	151355,670	151355,960	0,000	54829,715	54830,715	54835,006	54835,360	54835,670	54835,960	23,994	0,987	14,446	0,488	25,000	0,000	26,694	43,614	1,000	1010,000	373,000	960,000	373,333
300,000	570,000	870,000	2,461	21,053	53,525	4,000	62,834	17,029	26,736	2,234	36,731	120,000	0,000	151401,292	151402,293	151407,122	151407,428	151407,548	151408,009	0,000	54841,292	54842,293	54847,122	54847,428	54847,548	54848,009	21,044	2,477	3,881	0,660	25,000	0,000	6,552	18,519	1,000	873,000	364,000	960,000	373,333
30,000	590,000	620,000	2,250	93,220	89,603	1,000	66,186	20,997	8,063	20,907	66,337	550,000	0,000	151413,673	151414,673	151419,118	151419,319	151419,869	151419,920	0,000	54853,673	54854,673	54859,118	54859,319	54859,869	54859,920	26,695	2,230	26,667	2,144	25,000	0,000	0,232	5,289	1,000	1040,000	373,000	960,000	373,333
390,000	490,000	880,000	1,721	53,061	70,593	2,000	62,955	17,802	16,013	12,957	63,472	260,000	0,000	151424,710	151425,711	151431,402	151431,798	151432,058	151432,299	0,000	54864,710	54865,711	54871,402	54871,798	54872,058	54872,299	22,303	2,256	18,023	1,382	25,000	0,000	64,790	67,079	1,000	952,000	434,000	960,000	373,333
400,000	650,000	1050,000	1,645	63,077	90,456	4,000	64,641	18,060	11,491	17,479	64,922	410,000	0,000	151437,875	151438,876	151443,701	151444,109	151444,519	151444,769	0,000	54877,875	54878,876	54883,701	54884,110	54884,520	54884,769	21,686	2,025	21,198	1,771	25,000	0,000	2,402	2,335	1,000	902,000	381,000	960,000	373,333
310,000	440,000	750,000	5,782	50,000	62,484	2,000	60,280	13,282	20,388	8,582	59,919	220,000	0,000	151449,532	151450,531	151455,467	151455,778	151455,998	151456,229	0,000	54889,532	54890,531	54895,467	54895,778	54895,998	54896,229	16,877	1,691	12,683	0,632	25,000	0,000	48,874	51,811	1,000	755,000	389,000	960,000	373,333
330,000	480,000	810,000	1,851	97,917	92,694	0,000	66,815	20,955	8,013	20,957	66,815	470,000	0,000	151501,626	151502,627	151505,240	151505,579	151506,049	151506,070	0,000	54901,626	54902,627	54905,240	54905,579	54906,049	54906,070	24,867	2,480	24,870	2,483	25,000	0,000	NaN	12,622	1,000	1025,000	363,000	960,000	373,333
290,000	480,000	770,000	1,958	97,917	99,023	0,000	67,951	19,952	9,020	19,950	67,951	470,000	0,000	151511,729	151512,729	151516,389	151516,688	151517,158	151517,179	0,000	54911,730	54912,729	54916,389	54916,688	54917,158	54917,179	23,964	1,803	23,963	1,804	25,000	0,000	NaN	1,754	1,000	991,000	311,000	960,000	373,333
380,000	580,000	960,000	0,868	79,310	87,602	3,000	67,650	17,833	11,189	17,781	67,681	460,000	0,000	151521,785	151522,785	151528,473	151528,858	151529,318	151529,449	0,000	54921,785	54922,786	54928,473	54928,858	54929,318	54929,449	21,741	0,929	21,706	0,898	25,000	0,000	0,035	0,027	1,000	941,000	349,000	960,000	373,333
370,000	610,000	980,000	5,243	40,984	82,646	2,000	67,673	24,378	19,269	9,701	62,372	250,000	0,000	151534,006	151535,006	151539,613	151539,989	151540,239	151540,608	0,000	54934,006	54935,006	54939,613	54939,989	54940,239	54940,608	29,225	3,180	14,683	1,184	25,000	0,000	53,351	60,131	1,000	1142,000	333,000	960,000	373,333
320,000	610,000	930,000	0,728	19,672	66,419	2,000	66,108	19,501	26,543	2,427	39,175	120,000	0,000	151545,115	151546,115	151549,577	151549,898	151550,018	151550,519	0,000	54945,115	54946,115	54949,577	54949,898	54950,018	54950,520	24,387	1,885	4,718	0,526	25,000	0,000	13,614	20,773	1,000	982,000	387,000	960,000	373,333
280,000	710,000	990,000	6,389	81,690	97,181	3,000	69,722	24,772	4,329	24,641	69,660	580,000	0,000	151555,286	151556,286	151600,749	151601,040	151601,620	151601,759	0,000	54955,286	54956,286	54960,749	54961,040	54961,620	54961,759	29,702	1,856	29,580	1,856	25,000	0,000	0,623	0,305	1,000	1187,000	365,000	960,000	373,333
290,000	620,000	910,000	2,462	30,645	102,104	6,000	67,745	21,136	14,216	14,754	70,514	190,000	0,000	151606,498	151607,498	151611,104	151611,399	151611,589	151612,028	0,000	54966,498	54967,498	54971,104	54971,399	54971,589	54972,028	24,750	1,941	19,263	0,910	25,000	0,000	96,991	95,483	1,000	1037,000	415,000	960,000	373,333
250,000	830,000	1080,000	0,901	27,711	65,655	7,000	65,888	19,839	17,418	11,552	64,142	230,000	0,000	151617,661	151618,661	151623,130	151623,389	151623,619	151624,230	0,000	54977,661	54978,661	54983,130	54983,389	54983,619	54984,230	23,259	2,588	15,390	1,117	25,000	0,000	60,623	59,371	1,000	992,000	372,000	960,000	373,333
250,000	480,000	730,000	5,998	77,083	75,780	1,000	59,070	13,819	15,569	13,401	59,263	370,000	0,000	151630,196	151631,196	151635,652	151635,909	151636,279	151636,399	0,000	54990,196	54991,196	54995,652	54995,909	54996,279	54996,399	16,681	2,591	16,374	2,310	25,000	0,000	5,178	0,645	1,000	747,000	363,000	960,000	373,333
290,000	490,000	780,000	1,845	97,959	91,049	0,000	64,833	16,593	12,379	16,590	64,833	480,000	0,000	151642,433	151643,434	151647,087	151647,379	151647,859	151647,880	0,000	55002,433	55003,434	55007,087	55007,379	55007,859	55007,880	21,208	1,153	21,207	1,154	25,000	0,000	NaN	0,039	1,000	896,000	359,000	960,000	373,333
370,000	590,000	960,000	2,459	84,746	100,354	2,000	68,374	21,415	7,739	21,231	68,576	500,000	0,000	151654,026	151655,028	151658,656	151659,028	151659,528	151659,630	0,000	55014,026	55015,028	55018,656	55019,028	55019,528	55019,630	26,298	1,492	26,182	1,389	25,000	0,000	0,967	2,003	1,000	1046,000	389,000	960,000	373,333
300,000	450,000	750,000	4,228	97,778	105,457	0,000	69,320	22,455	6,515	22,455	69,320	440,000	0,000	151705,713	151706,713	151709,519	151709,828	151710,268	151710,288	0,000	55025,713	55026,713	55029,519	55029,828	55030,268	55030,288	26,777	1,604	26,777	1,605	25,000	0,000	NaN	9,316	1,000	1108,000	347,000	960,000	373,333
300,000	820,000	1120,000	4,077	50,000	84,810	5,000	66,845	22,712	8,677	20,293	67,749	410,000	0,000	151714,919	151715,919	151719,995	151720,298	151720,708	151721,128	0,000	55034,919	55035,919	55039,995	55040,298	55040,708	55041,128	26,608	2,954	24,544	2,219	25,000	0,000	22,144	21,254	1,000	1097,000	326,000	960,000	373,333
230,000	550,000	780,000	4,432	54,545	90,208	2,000	68,627	22,846	11,756	17,214	68,658	300,000	0,000	151725,649	151726,648	151729,605	151729,839	151730,139	151730,399	0,000	55045,649	55046,648	55049,605	55049,839	55050,139	55050,399	28,494	1,801	23,229	1,513	25,000	0,000	70,978	75,974	1,000	1109,000	322,000	960,000	373,333
380,000	840,000	1220,000	6,500	30,952	91,075	4,000	69,470	24,385	13,213	15,757	69,990	260,000	0,000	151737,214	151738,214	151740,225	151740,608	151740,868	151741,459	0,000	55057,214	55058,214	55060,225	55060,608	55060,868	55061,459	29,476	1,744	21,441	0,798	25,000	0,000	79,433	78,131	1,000	1191,000	380,000	960,000	373,333
260,000	800,000	1060,000	2,292	35,000	66,672	6,000	65,013	18,902	17,957	11,013	61,692	280,000	0,000	151749,854	151750,854	151755,091	151755,359	151755,639	151756,168	0,000	55069,855	55070,854	55075,091	55075,359	55075,639	55076,168	23,852	2,194	16,059	1,340	25,000	0,000	55,484	55,054	1,000	955,000	292,000	960,000	373,333
380,000	550,000	930,000	5,893	45,455	107,992	3,000	71,786	23,200	10,159	18,811	73,250	250,000	0,000	151800,667	151801,667	151804,165	151804,548	151804,798	151805,109	0,000	55080,667	55081,667	55084,165	55084,548	55084,798	55085,109	26,748	0,844	22,830	0,624	25,000	0,000	76,536	75,979	1,000	1165,000	330,000	960,000	373,333
310,000	610,000	920,000	1,026	37,705	77,858	4,000	67,211	19,601	17,016	11,954	66,352	230,000	0,000	151810,355	151811,356	151813,430	151813,749	151813,979	151814,369	0,000	55090,355	55091,356	55093,430	55093,749	55093,979	55094,369	23,823	1,801	16,602	0,853	25,000	0,000	65,608	68,717	1,000	983,000	345,000	960,000	373,333
300,000	650,000	950,000	6,167	56,923	62,702	6,000	60,263	12,137	17,171	11,798	60,206	370,000	0,000	151819,795	151820,794	151826,706	151827,008	151827,378	151827,668	0,000	55099,795	55100,794	55106,706	55107,008	55107,378	55107,668	16,567	0,619	16,263	0,535	25,000	0,000	3,032	3,459	1,000	744,000	411,000	960,000	373,333
170,000	690,000	860,000	3,688	98,551	84,147	0,000	66,973	22,399	6,570	22,400	66,973	680,000	0,000	151832,631	151833,630	151837,247	151837,448	151838,128	151838,149	0,000	55112,631	55113,630	55117,247	55117,449	55118,129	55118,149	28,548	2,364	28,550	2,363	25,000	0,000	NaN	4,873	1,000	1087,000	406,000	960,000	373,333
300,000	590,000	890,000	5,508	61,017	79,705	2,000	68,422	23,642	9,609	19,361	69,427	360,000	0,000	151844,121	151845,122	151850,903	151851,209	151851,568	151851,810	0,000	55124,121	55125,122	55130,904	55131,209	55131,569	55131,810	28,828	2,055	25,035	1,416	25,000	0,000	62,127	65,414	1,000	1153,000	340,000	960,000	373,333
110,000	600,000	710,000	2,427	36,667	64,496	4,000	64,086	16,916	25,217	3,753	46,079	220,000	0,000	151856,578	151857,578	151901,643	151901,844	151902,064	151902,448	0,000	55136,578	55137,578	55141,643	55141,844	55142,064	55142,448	22,757	1,547	7,975	0,513	25,000	0,000	19,837	25,921	1,000	885,000	416,000	960,000	373,333
270,000	710,000	980,000	1,533	66,197	61,207	2,000	63,789	17,187	12,881	16,088	63,962	470,000	0,000	151908,022	151909,023	151912,423	151912,698	151913,168	151913,419	0,000	55148,022	55149,023	55152,423	55152,698	55153,168	55153,420	22,305	1,687	21,372	1,500	25,000	0,000	24,276	23,660	1,000	908,000	357,000	960,000	373,333
260,000	1050,000	1310,000	0,789	60,000	63,802	8,000	64,078	17,347	11,875	17,095	63,959	630,000	0,000	151918,505	151919,506	151923,479	151923,750	151924,380	151924,809	0,000	55158,505	55159,506	55163,480	55163,750	55164,380	55164,809	21,656	1,744	21,408	1,687	25,000	0,000	0,941	0,856	1,000	932,000	375,000	960,000	373,333
340,000	550,000	890,000	1,803	98,182	59,953	0,000	63,611	16,907	12,063	16,907	63,611	540,000	0,000	151931,299	151932,299	151935,356	151935,698	151936,238	151936,259	0,000	55171,300	55172,300	55175,356	55175,698	55176,238	55176,259	21,293	1,688	21,294	1,688	25,000	0,000	NaN	6,795	1,000	911,000	332,000	960,000	373,333
350,000	530,000	880,000	4,846	98,113	64,492	0,000	63,493	13,391	15,581	13,388	63,493	520,000	0,000	151942,194	151943,195	151948,276	151948,628	151949,148	151949,169	0,000	55182,194	55183,195	55188,276	55188,628	55189,148	55189,169	17,523	0,478	17,523	0,478	25,000	0,000	NaN	0,235	1,000	788,000	363,000	960,000	373,333
280,000	700,000	980,000	0,254	51,429	53,655	4,000	65,676	18,593	16,070	12,900	63,445	360,000	0,000	151955,261	151956,262	152000,510	152000,798	152001,158	152001,510	0,000	55195,261	55196,262	55200,510	55200,798	55201,158	55201,510	23,964	1,351	18,297	0,785	25,000	0,000	33,292	35,643	1,000	969,000	374,000	960,000	373,333
30,000	20,000	50,000	24,104	0,000	0,000	0,000	15,090	0,000	28,970	0,000	15,090	0,000	0,000	152009,803	152010,804	152013,234	152013,435	152013,435	152013,458	0,000	55209,803	55210,804	55213,234	55213,435	55213,435	55213,458	0,000	0,000	0,000	0,000	25,000	0,000	NaN	NaN	1,000	103,000	382,000	960,000	373,333
340,000	780,000	1120,000	7,513	19,231	48,365	4,000	56,808	11,825	26,627	2,342	40,661	150,000	0,000	152021,496	152022,497	152028,220	152028,568	152028,718	152029,358	0,000	55221,496	55222,497	55228,220	55228,568	55228,718	55229,358	15,639	1,856	4,848	0,237	25,000	0,000	16,808	16,861	1,000	694,000	398,000	960,000	373,333
310,000	520,000	830,000	1,294	57,692	81,570	2,000	67,574	19,651	13,864	15,106	67,840	300,000	0,000	152033,930	152034,932	152038,897	152039,209	152039,509	152039,739	0,000	55233,930	55234,932	55238,897	55239,209	55239,509	55239,739	24,330	1,266	20,152	0,870	25,000	0,000	61,320	63,854	1,000	1006,000	372,000	960,000	373,333
310,000	610,000	920,000	1,464	57,377	56,737	2,000	63,813	17,369	16,010	12,960	62,185	350,000	0,000	152044,826	152045,827	152049,020	152049,339	152049,688	152049,958	0,000	55244,826	55245,827	55249,020	55249,339	55249,689	55249,958	22,306	1,773	17,985	1,327	25,000	0,000	34,689	39,129	1,000	913,000	351,000	960,000	373,333
290,000	540,000	830,000	1,426	53,704	74,794	2,000	67,663	19,839	14,489	14,481	67,603	290,000	0,000	152056,260	152057,261	152101,357	152101,659	152101,949	152102,210	0,000	55256,260	55257,261	55261,357	55261,659	55261,949	55262,210	24,444	1,383	19,448	0,719	25,000	0,000	53,000	61,925	1,000	1010,000	365,000	960,000	373,333
370,000	730,000	1100,000	2,447	83,562	70,613	2,000	63,931	16,832	12,209	16,761	63,932	610,000	0,000	152107,092	152108,093	152113,491	152113,871	152114,481	152114,609	0,000	55267,092	55268,093	55273,491	55273,871	55274,481	55274,609	22,164	1,631	22,104	1,603	25,000	0,000	0,739	0,412	1,000	873,000	373,000	960,000	373,333
400,000	610,000	1010,000	1,748	22,951	66,291	4,000	68,111	19,804	27,113	1,857	37,799	140,000	0,000	152119,455	152120,456	152125,522	152125,930	152126,070	152126,549	0,000	55279,455	55280,456	55285,523	55285,930	55286,070	55286,549	25,173	0,902	4,168	0,142	25,000	0,000	13,468	14,587	1,000	1018,000	351,000	960,000	373,333
350,000	510,000	860,000	4,136	58,824	56,967	2,000	62,180	14,404	17,877	11,092	61,105	300,000	0,000	152131,052	152132,052	152137,899	152138,259	152138,559	152138,780	0,000	55291,052	55292,052	55297,899	55298,259	55298,559	55298,780	18,817	1,097	15,645	0,802	25,000	0,000	42,829	45,001	1,000	813,000	369,000	960,000	373,333
310,000	1040,000	1350,000	2,602	37,500	47,037	7,000	64,722	18,574	17,778	11,192	59,535	390,000	0,000	152145,352	152146,353	152152,091	152152,408	152152,798	152153,459	0,000	55305,352	55306,353	55312,091	55312,408	55312,798	55313,459	23,514	2,223	15,878	1,407	25,000	0,000	31,192	31,204	1,000	936,000	284,000	960,000	373,333
30,000	810,000	840,000	4,023	44,444	63,436	5,000	61,573	18,852	20,059	8,911	53,386	360,000	0,000	152159,200	152200,200	152205,587	152205,788	152206,148	152206,609	0,000	55319,200	55320,200	55325,587	55325,788	55326,148	55326,609	22,837	3,883	12,452	2,584	25,000	0,000	50,336	49,631	1,000	920,000	236,000	960,000	373,333
370,000	700,000	1070,000	3,837	47,143	70,996	3,000	66,018	22,030	14,175	14,795	63,808	330,000	0,000	152212,672	152213,672	152217,002	152217,380	152217,709	152218,088	0,000	55332,672	55333,672	55337,002	55337,380	55337,710	55338,088	26,495	2,953	19,394	2,311	25,000	0,000	55,142	53,567	1,000	1068,000	290,000	960,000	373,333
350,000	510,000	860,000	3,605	98,039	71,797	0,000	62,684	17,365	11,602	17,368	62,684	500,000	0,000	152222,649	152223,650	152226,868	152227,228	152227,728	152227,750	0,000	55342,649	55343,650	55346,868	55347,228	55347,728	55347,750	22,136	2,535	22,138	2,537	25,000	0,000	NaN	12,047	1,000	879,000	274,000	960,000	373,333
360,000	630,000	990,000	1,852	98,413	58,666	0,000	62,499	18,847	10,125	18,845	62,499	620,000	0,000	152232,686	152233,686	152236,179	152236,548	152237,168	152237,188	0,000	55352,686	55353,686	55356,179	55356,548	55357,168	55357,188	23,682	2,981	23,682	2,981	25,000	0,000	NaN	3,242	1,000	946,000	309,000	960,000	373,333
