530,000	90,000	620,000	26,866	0,000	45,290	0,000	12,275	2,701	28,970	0,000	9,891	0,000	0,000	103837,385	103838,394	103841,833	103842,371	103842,371	103842,471	0,000	38317,385	38318,394	38321,833	38322,372	38322,372	38322,471	1,041	2,547	0,021	0,000	25,000	0,000	28,046	NaN	1,000	12,000	256,000	960,000	373,333
340,000	290,000	630,000	26,012	82,759	23,210	2,000	14,564	2,623	26,369	2,601	14,432	240,000	0,000	103851,531	103852,531	103854,560	103854,911	103855,151	103855,211	0,000	38331,532	38332,531	38334,560	38334,911	38335,151	38335,211	1,324	2,391	1,293	2,383	25,000	0,000	0,101	2,503	1,000	46,000	232,000	960,000	373,333
280,000	510,000	790,000	24,805	27,451	37,098	6,000	14,061	5,719	26,063	2,907	15,114	140,000	0,000	103903,964	103904,965	103907,227	103907,511	103907,651	103908,030	0,000	38343,964	38344,965	38347,227	38347,511	38347,651	38348,030	0,759	5,710	0,375	2,916	25,000	0,000	17,580	17,033	1,000	106,000	153,000	960,000	373,333
290,000	330,000	620,000	23,886	96,970	37,765	0,000	17,286	6,114	22,857	6,113	17,286	320,000	0,000	103914,340	103915,339	103918,900	103919,190	103919,510	103919,531	0,000	38354,340	38355,339	38358,900	38359,190	38359,510	38359,531	1,098	6,026	1,098	6,025	25,000	0,000	NaN	4,003	1,000	139,000	156,000	960,000	373,333
350,000	500,000	850,000	23,362	32,000	64,168	5,000	23,621	7,157	23,354	5,615	22,105	160,000	0,000	103926,427	103927,427	103932,990	103933,351	103933,511	103933,860	0,000	38366,427	38367,427	38372,990	38373,351	38373,511	38373,860	3,320	6,272	2,172	5,168	25,000	0,000	11,736	8,401	1,000	170,000	630,000	960,000	373,333
370,000	500,000	870,000	23,292	56,000	40,315	4,000	16,213	4,957	24,102	4,868	15,934	280,000	0,000	103938,979	103939,978	103943,654	103944,030	103944,311	103944,541	0,000	38378,979	38379,978	38383,654	38384,031	38384,311	38384,541	1,127	4,837	1,013	4,781	25,000	0,000	0,629	1,170	1,000	178,000	646,000	960,000	373,333
290,000	390,000	680,000	18,945	97,436	65,592	0,000	27,732	11,544	17,427	11,543	27,732	380,000	0,000	103949,476	103950,475	103953,015	103953,313	103953,693	103953,711	0,000	38389,476	38390,475	38393,015	38393,313	38393,693	38393,711	7,595	9,253	7,594	9,254	25,000	0,000	NaN	0,252	1,000	376,000	709,000	960,000	373,333
300,000	370,000	670,000	26,545	97,297	61,861	0,000	11,637	10,967	18,003	10,967	11,637	360,000	0,000	104001,343	104002,343	104007,352	104007,661	104008,021	104008,041	0,000	38401,343	38402,343	38407,352	38407,661	38408,021	38408,041	1,267	10,941	1,267	10,942	25,000	0,000	NaN	0,722	1,000	134,000	830,000	960,000	373,333
200,000	430,000	630,000	15,984	53,488	43,652	2,000	37,882	8,084	23,776	5,194	34,327	230,000	0,000	104013,175	104014,175	104017,597	104017,802	104018,032	104018,241	0,000	38413,175	38414,175	38417,597	38417,802	38418,032	38418,241	9,397	4,275	6,639	2,991	25,000	0,000	29,513	30,153	1,000	414,000	531,000	960,000	373,333
290,000	290,000	580,000	19,133	96,552	55,614	0,000	27,523	8,481	20,490	8,480	27,523	280,000	0,000	104024,345	104025,344	104030,732	104031,030	104031,310	104031,330	0,000	38424,345	38425,344	38430,732	38431,030	38431,310	38431,330	4,951	6,919	4,951	6,919	25,000	0,000	NaN	6,366	1,000	344,000	662,000	960,000	373,333
300,000	300,000	600,000	20,284	96,667	40,506	0,000	27,300	5,864	23,109	5,861	27,300	290,000	0,000	104038,920	104039,919	104043,444	104043,752	104044,042	104044,061	0,000	38438,920	38439,919	38443,444	38443,752	38444,042	38444,061	3,348	4,899	3,348	4,897	25,000	0,000	NaN	1,405	1,000	272,000	157,000	960,000	373,333
250,000	430,000	680,000	16,806	34,884	95,937	3,000	34,038	15,689	24,034	4,936	30,042	150,000	0,000	104049,057	104050,057	104054,452	104054,711	104054,861	104055,151	0,000	38449,057	38450,057	38454,452	38454,711	38454,861	38455,151	10,774	11,871	3,683	3,863	25,000	0,000	35,839	35,286	1,000	525,000	783,000	960,000	373,333
290,000	80,000	370,000	26,178	0,000	11,710	0,000	18,560	0,659	28,953	0,017	14,093	0,000	0,000	104102,096	104103,095	104105,921	104106,220	104106,220	104106,311	0,000	38462,096	38463,095	38465,921	38466,220	38466,220	38466,311	1,099	0,259	0,036	0,008	25,000	0,000	7,848	NaN	1,000	30,000	411,000	960,000	373,333
300,000	550,000	850,000	18,909	36,364	38,032	5,000	28,425	8,685	23,119	5,851	28,373	200,000	0,000	104112,177	104113,177	104118,767	104119,072	104119,272	104119,631	0,000	38472,177	38473,177	38478,767	38479,072	38479,272	38479,631	5,852	6,835	4,454	4,494	25,000	0,000	28,979	29,127	1,000	328,000	144,000	960,000	373,333
240,000	660,000	900,000	15,794	65,152	40,988	3,000	37,700	7,826	21,358	7,612	37,860	430,000	0,000	104126,252	104127,252	104131,810	104132,061	104132,491	104132,731	0,000	38486,252	38487,252	38491,810	38492,061	38492,491	38492,731	7,764	4,473	7,678	4,269	25,000	0,000	1,352	0,710	1,000	416,000	234,000	960,000	373,333
350,000	330,000	680,000	24,177	48,485	33,796	2,000	14,236	6,794	24,717	4,253	16,012	160,000	0,000	104140,236	104141,236	104145,101	104145,461	104145,621	104145,801	0,000	38500,236	38501,236	38505,101	38505,461	38505,621	38505,801	0,479	6,920	0,347	4,328	25,000	0,000	14,607	21,401	1,000	146,000	97,000	960,000	373,333
290,000	410,000	700,000	24,212	97,561	37,128	0,000	14,473	8,966	20,003	8,966	14,473	400,000	0,000	104153,884	104154,886	104159,061	104159,361	104159,761	104159,781	0,000	38513,884	38514,886	38519,061	38519,361	38519,761	38519,781	1,211	8,973	1,211	8,974	25,000	0,000	NaN	0,750	1,000	175,000	20,000	960,000	373,333
340,000	430,000	770,000	13,892	76,744	38,738	2,000	51,395	6,732	22,378	6,592	51,385	330,000	0,000	104204,801	104205,801	104210,466	104210,811	104211,141	104211,251	0,000	38524,801	38525,801	38530,466	38530,811	38531,141	38531,251	9,283	0,816	9,184	0,770	25,000	0,000	3,101	3,580	1,000	467,000	404,000	960,000	373,333
380,000	520,000	900,000	13,195	28,846	42,138	5,000	47,176	7,920	25,436	3,534	38,743	150,000	0,000	104216,731	104217,731	104220,708	104221,090	104221,240	104221,621	0,000	38536,731	38537,731	38540,708	38541,090	38541,240	38541,621	10,070	2,334	4,912	1,538	25,000	0,000	27,319	25,343	1,000	497,000	449,000	960,000	373,333
240,000	650,000	890,000	12,856	58,462	45,837	4,000	51,378	9,022	20,191	8,778	51,229	380,000	0,000	104229,489	104230,491	104234,248	104234,490	104234,870	104235,151	0,000	38549,489	38550,491	38554,248	38554,490	38554,870	38555,151	12,770	1,828	12,563	1,745	25,000	0,000	6,599	5,904	1,000	503,000	383,000	960,000	373,333
250,000	430,000	680,000	9,929	90,698	62,974	1,000	54,952	9,542	19,449	9,521	55,041	390,000	0,000	104241,166	104242,165	104247,325	104247,581	104247,971	104248,020	0,000	38561,166	38562,165	38567,325	38567,581	38567,971	38568,020	12,911	1,209	12,892	1,209	25,000	0,000	0,053	0,187	1,000	607,000	378,000	960,000	373,333
300,000	430,000	730,000	9,364	90,698	58,316	2,000	54,641	11,325	17,670	11,300	54,722	390,000	0,000	104253,772	104254,773	104257,569	104257,871	104258,261	104258,310	0,000	38573,772	38574,773	38577,569	38577,871	38578,261	38578,310	14,092	2,449	14,082	2,433	25,000	0,000	0,241	5,162	1,000	642,000	472,000	960,000	373,333
150,000	740,000	890,000	6,799	63,514	94,128	5,000	54,362	18,268	11,061	17,909	54,655	470,000	0,000	104304,781	104305,781	104307,934	104308,135	104308,605	104308,881	0,000	38584,781	38585,781	38587,934	38588,135	38588,605	38588,881	21,237	6,216	21,030	5,989	25,000	0,000	7,733	7,360	1,000	804,000	558,000	960,000	373,333
320,000	570,000	890,000	4,266	66,667	110,280	3,000	60,315	20,633	9,101	19,869	60,676	380,000	0,000	104314,654	104315,653	104318,457	104318,780	104319,160	104319,361	0,000	38594,654	38595,653	38598,457	38598,780	38599,160	38599,361	22,417	5,373	21,911	4,904	25,000	0,000	13,230	12,461	1,000	930,000	522,000	960,000	373,333
250,000	600,000	850,000	6,471	68,333	133,726	3,000	58,759	23,280	6,129	22,841	59,156	410,000	0,000	104326,209	104327,209	104331,226	104331,481	104331,890	104332,091	0,000	38606,210	38607,209	38611,226	38611,481	38611,891	38612,091	25,708	7,145	25,493	6,785	25,000	0,000	5,561	4,920	1,000	1014,000	597,000	960,000	373,333
250,000	680,000	930,000	8,137	61,765	160,975	3,000	64,517	30,762	0,297	29,267	65,685	420,000	0,000	104339,369	104340,368	104344,462	104344,720	104345,140	104345,411	0,000	38619,369	38620,368	38624,462	38624,720	38625,140	38625,411	33,750	7,454	32,796	6,304	25,000	0,000	14,163	14,047	1,000	1207,000	524,000	960,000	373,333
180,000	670,000	850,000	10,240	79,104	139,000	2,000	65,025	30,805	1,305	30,275	65,347	530,000	0,000	104353,382	104354,382	104358,190	104358,391	104358,921	104359,070	0,000	38633,382	38634,382	38638,190	38638,391	38638,921	38639,070	34,342	7,117	33,988	6,760	25,000	0,000	8,151	9,801	1,000	1291,000	525,000	960,000	373,333
370,000	890,000	1260,000	4,510	48,315	140,748	7,000	68,462	24,881	4,708	24,262	68,463	430,000	0,000	104405,461	104406,462	104408,633	104409,011	104409,441	104409,910	0,000	38645,461	38646,462	38648,633	38649,011	38649,441	38649,910	28,408	3,038	27,859	2,843	25,000	0,000	7,872	7,348	1,000	1117,000	406,000	960,000	373,333
280,000	780,000	1060,000	6,813	50,000	156,069	3,000	68,965	29,944	0,587	28,383	69,484	390,000	0,000	104416,317	104417,317	104422,727	104423,011	104423,401	104423,801	0,000	38656,317	38657,317	38662,727	38663,011	38663,401	38663,801	33,668	4,191	32,372	3,835	25,000	0,000	14,152	11,519	1,000	1192,000	443,000	960,000	373,333
310,000	560,000	870,000	3,039	80,357	84,474	2,000	61,783	15,804	13,279	15,691	61,751	450,000	0,000	104429,263	104430,262	104435,724	104436,041	104436,490	104436,611	0,000	38669,263	38670,262	38675,724	38676,041	38676,491	38676,611	19,520	2,195	19,428	2,147	25,000	0,000	1,489	0,464	1,000	857,000	406,000	960,000	373,333
390,000	940,000	1330,000	6,258	40,426	103,591	10,000	63,747	18,449	11,829	17,141	63,960	380,000	0,000	104444,398	104445,397	104449,903	104450,301	104450,681	104451,252	0,000	38684,398	38685,397	38689,903	38690,301	38690,681	38691,252	22,472	2,532	21,322	2,387	25,000	0,000	19,152	17,644	1,000	749,000	444,000	960,000	373,333
320,000	430,000	750,000	3,831	83,721	111,031	2,000	63,883	17,421	11,874	17,096	64,272	360,000	0,000	104455,955	104456,956	104500,773	104501,101	104501,461	104501,541	0,000	38695,955	38696,956	38700,773	38701,101	38701,461	38701,541	22,221	1,745	22,035	1,702	25,000	0,000	2,845	9,773	1,000	828,000	407,000	960,000	373,333
280,000	410,000	690,000	7,642	97,561	84,103	0,000	58,907	12,106	16,867	12,103	58,907	400,000	0,000	104508,359	104509,358	104515,229	104515,512	104515,912	104515,930	0,000	38708,359	38709,358	38715,229	38715,512	38715,912	38715,930	14,401	1,744	14,401	1,741	25,000	0,000	NaN	0,500	1,000	696,000	309,000	960,000	373,333
30,000	960,000	990,000	3,718	51,042	90,987	7,000	61,826	18,943	10,790	18,180	62,034	490,000	0,000	104522,091	104523,091	104526,686	104526,887	104527,377	104527,850	0,000	38722,091	38723,091	38726,686	38726,887	38727,377	38727,850	22,980	3,657	22,342	3,457	25,000	0,000	8,456	8,216	1,000	833,000	410,000	960,000	373,333
350,000	640,000	990,000	5,625	68,750	92,325	4,000	60,386	14,466	14,658	14,312	60,564	440,000	0,000	104533,760	104534,760	104536,806	104537,162	104537,602	104537,812	0,000	38733,760	38734,760	38736,806	38737,162	38737,602	38737,812	18,056	2,054	17,975	1,895	25,000	0,000	1,129	0,652	1,000	760,000	371,000	960,000	373,333
330,000	340,000	670,000	7,329	91,176	87,459	1,000	60,592	12,614	16,405	12,565	60,592	310,000	0,000	104543,264	104544,265	104546,725	104547,060	104547,370	104547,410	0,000	38743,264	38744,265	38746,725	38747,060	38747,370	38747,410	16,040	1,158	16,033	1,150	25,000	0,000	NaN	9,017	1,000	700,000	391,000	960,000	373,333
270,000	420,000	690,000	8,034	78,571	74,716	2,000	60,584	12,187	17,024	11,946	60,777	330,000	0,000	104557,292	104558,292	104602,587	104602,860	104603,190	104603,291	0,000	38757,292	38758,292	38762,587	38762,860	38763,190	38763,291	15,920	0,816	15,770	0,733	25,000	0,000	5,082	8,755	1,000	676,000	404,000	960,000	373,333
290,000	550,000	840,000	5,303	89,091	96,754	1,000	59,136	18,232	10,795	18,174	59,155	490,000	0,000	104608,859	104609,858	104614,561	104614,860	104615,350	104615,421	0,000	38768,859	38769,858	38774,561	38774,860	38775,350	38775,421	21,152	4,304	21,114	4,275	25,000	0,000	0,813	0,007	1,000	889,000	548,000	960,000	373,333
250,000	900,000	1150,000	2,746	51,111	94,884	8,000	60,869	18,488	10,922	18,048	60,712	460,000	0,000	104621,724	104622,726	104626,191	104626,450	104626,910	104627,361	0,000	38781,724	38782,726	38786,191	38786,450	38786,910	38787,361	22,558	3,459	22,136	3,310	25,000	0,000	0,302	0,060	1,000	915,000	460,000	960,000	373,333
270,000	630,000	900,000	5,647	68,254	87,973	4,000	60,014	15,073	14,271	14,698	59,690	430,000	0,000	104634,733	104635,734	104641,475	104641,751	104642,181	104642,390	0,000	38794,733	38795,734	38801,475	38801,751	38802,181	38802,391	18,960	2,448	18,564	2,384	25,000	0,000	2,179	0,904	1,000	784,000	470,000	960,000	373,333
290,000	530,000	820,000	4,333	69,811	85,976	3,000	61,755	15,422	13,633	15,337	61,671	370,000	0,000	104647,267	104648,267	104652,820	104653,112	104653,482	104653,651	0,000	38807,267	38808,267	38812,820	38813,112	38813,482	38813,651	19,070	1,913	18,986	1,914	25,000	0,000	3,251	3,039	1,000	834,000	462,000	960,000	373,333
370,000	550,000	920,000	4,274	70,909	117,077	4,000	59,558	19,381	9,846	19,124	59,644	390,000	0,000	104659,689	104700,688	104703,457	104703,831	104704,221	104704,391	0,000	38819,689	38820,688	38823,457	38823,831	38824,221	38824,391	21,995	5,009	21,801	4,843	25,000	0,000	1,104	3,521	1,000	905,000	515,000	960,000	373,333
30,000	520,000	550,000	3,347	98,077	80,605	0,000	61,798	16,931	12,040	16,930	61,798	510,000	0,000	104709,368	104710,367	104713,201	104713,402	104713,912	104713,931	0,000	38829,368	38830,367	38833,201	38833,402	38833,912	38833,931	21,938	2,306	21,937	2,306	25,000	0,000	NaN	6,252	1,000	895,000	473,000	960,000	373,333
290,000	600,000	890,000	2,731	61,667	120,655	3,000	64,482	20,157	9,224	19,746	64,683	370,000	0,000	104718,957	104719,957	104722,046	104722,341	104722,711	104722,951	0,000	38838,957	38839,957	38842,046	38842,341	38842,711	38842,952	24,302	2,787	24,003	2,587	25,000	0,000	8,157	10,938	1,000	928,000	465,000	960,000	373,333
350,000	640,000	990,000	3,592	96,875	115,372	1,000	62,123	20,197	8,781	20,189	62,123	620,000	0,000	104730,157	104731,157	104733,549	104733,902	104734,522	104734,551	0,000	38850,157	38851,157	38853,549	38853,902	38854,522	38854,551	23,036	3,994	23,032	3,994	25,000	0,000	NaN	0,449	1,000	963,000	501,000	960,000	373,333
320,000	600,000	920,000	2,700	71,667	96,568	2,000	63,459	18,054	11,405	17,565	63,707	430,000	0,000	104740,735	104741,735	104745,808	104746,130	104746,560	104746,740	0,000	38860,735	38861,735	38865,808	38866,130	38866,560	38866,741	21,545	2,560	21,179	2,282	25,000	0,000	0,180	0,094	1,000	905,000	452,000	960,000	373,333
300,000	170,000	470,000	24,563	0,000	4,597	0,000	11,566	0,457	28,970	0,000	9,529	0,000	0,000	104752,027	104753,028	104756,861	104757,172	104757,172	104757,350	0,000	38872,027	38873,028	38876,861	38877,172	38877,172	38877,350	0,506	0,371	0,015	0,000	25,000	0,000	4,207	NaN	1,000	88,000	422,000	960,000	373,333
310,000	650,000	960,000	4,084	56,923	129,847	4,000	63,906	23,436	6,444	22,526	63,794	370,000	0,000	104812,240	104813,241	104817,807	104818,122	104818,492	104818,780	0,000	38892,240	38893,241	38897,807	38898,122	38898,492	38898,780	25,765	4,950	24,934	4,733	25,000	0,000	4,353	5,738	1,000	1019,000	506,000	960,000	373,333
340,000	560,000	900,000	0,956	60,714	114,099	4,000	67,605	18,592	10,963	18,007	67,952	340,000	0,000	104823,441	104824,441	104828,505	104828,850	104829,190	104829,421	0,000	38903,441	38904,441	38908,505	38908,850	38909,190	38909,421	21,798	1,237	21,295	0,987	25,000	0,000	0,176	1,871	1,000	933,000	394,000	960,000	373,333
280,000	380,000	660,000	2,637	97,368	122,904	0,000	63,977	18,237	10,734	18,236	63,977	370,000	0,000	104835,563	104836,563	104839,367	104839,652	104840,022	104840,041	0,000	38915,563	38916,563	38919,367	38919,652	38920,022	38920,041	23,096	2,138	23,099	2,138	25,000	0,000	NaN	5,010	1,000	906,000	450,000	960,000	373,333
330,000	510,000	840,000	1,799	78,431	136,089	2,000	68,635	20,983	8,395	20,575	69,014	400,000	0,000	104845,136	104846,135	104848,814	104849,151	104849,551	104849,670	0,000	38925,136	38926,135	38928,814	38929,151	38929,551	38929,670	24,641	1,690	24,319	1,553	25,000	0,000	1,188	2,882	1,000	1015,000	406,000	960,000	373,333
200,000	610,000	810,000	5,993	72,131	164,365	3,000	69,732	26,143	3,085	25,885	70,024	440,000	0,000	104854,324	104855,325	104858,003	104858,212	104858,652	104858,830	0,000	38934,324	38935,325	38938,003	38938,212	38938,652	38938,830	31,953	2,201	31,815	1,923	25,000	0,000	5,770	7,630	1,000	1173,000	379,000	960,000	373,333
310,000	590,000	900,000	1,177	79,661	105,560	2,000	66,361	16,645	12,423	16,547	66,344	470,000	0,000	104904,425	104905,424	104908,284	104908,601	104909,071	104909,201	0,000	38944,425	38945,424	38948,284	38948,601	38949,071	38949,201	19,406	1,238	19,320	1,209	25,000	0,000	1,246	0,510	1,000	919,000	365,000	960,000	373,333
270,000	520,000	790,000	4,616	80,769	91,776	2,000	64,197	14,810	14,409	14,561	64,510	420,000	0,000	104913,869	104914,869	104919,647	104919,921	104920,341	104920,451	0,000	38953,869	38954,869	38959,647	38959,921	38960,341	38960,451	18,732	0,762	18,569	0,575	25,000	0,000	4,076	0,665	1,000	796,000	380,000	960,000	373,333
300,000	640,000	940,000	0,947	53,125	121,169	6,000	67,905	20,159	9,595	19,375	67,962	340,000	0,000	104925,654	104926,655	104930,688	104930,991	104931,331	104931,641	0,000	38965,654	38966,655	38970,688	38970,991	38971,331	38971,641	22,783	1,997	22,065	1,828	25,000	0,000	3,551	3,186	1,000	960,000	407,000	960,000	373,333
290,000	550,000	840,000	4,697	58,182	101,826	5,000	63,408	15,150	14,065	14,905	64,037	320,000	0,000	104936,293	104937,295	104939,589	104939,881	104940,201	104940,441	0,000	38976,293	38977,295	38979,589	38979,881	38980,201	38980,441	18,761	1,382	18,692	1,006	25,000	0,000	6,033	5,654	1,000	793,000	371,000	960,000	373,333
450,000	500,000	950,000	1,187	68,000	116,519	4,000	66,699	18,153	10,948	18,022	66,890	340,000	0,000	104945,100	104946,100	104948,253	104948,711	104949,051	104949,220	0,000	38985,100	38986,100	38988,253	38988,711	38989,051	38989,220	20,364	2,110	20,284	1,972	25,000	0,000	0,218	0,190	1,000	927,000	347,000	960,000	373,333
310,000	570,000	880,000	4,418	59,649	96,119	3,000	62,868	15,413	14,136	14,834	63,821	340,000	0,000	104953,874	104954,874	105000,208	105000,521	105000,861	105001,101	0,000	38993,874	38994,874	39000,208	39000,521	39000,861	39001,101	18,454	1,945	18,152	1,276	25,000	0,000	3,092	1,575	1,000	803,000	379,000	960,000	373,333
300,000	620,000	920,000	5,468	56,452	83,674	6,000	64,267	14,122	15,118	13,852	64,275	350,000	0,000	105006,164	105007,165	105011,277	105011,582	105011,932	105012,211	0,000	39006,164	39007,165	39011,277	39011,582	39011,932	39012,211	17,692	0,900	17,469	0,775	25,000	0,000	7,370	7,382	1,000	767,000	350,000	960,000	373,333
270,000	450,000	720,000	7,465	71,111	73,980	2,000	59,059	12,768	16,855	12,115	60,865	320,000	0,000	105017,674	105018,675	105023,777	105024,050	105024,370	105024,511	0,000	39017,674	39018,675	39023,778	39024,050	39024,370	39024,511	14,657	2,399	14,487	1,404	25,000	0,000	3,835	2,125	1,000	702,000	311,000	960,000	373,333
