30,000	740,000	770,000	27,898	52,703	31,042	4,000	7,300	11,246	22,195	6,775	7,265	390,000	0,000	92748,370	92749,379	92754,754	92754,956	92755,346	92755,703	0,000	34068,370	34069,379	34074,754	34074,956	34075,346	34075,703	1,267	11,176	0,684	6,751	25,000	0,000	6,489	15,890	1,000	37,000	10,000	960,000	373,333
340,000	840,000	1180,000	25,853	25,000	29,828	7,000	12,820	8,476	24,672	4,298	11,853	210,000	0,000	92803,222	92804,222	92806,686	92807,032	92807,242	92807,883	0,000	34083,222	34084,222	34086,686	34087,032	34087,242	34087,883	1,491	8,355	0,346	4,342	25,000	0,000	17,043	16,002	1,000	111,000	21,000	960,000	373,333
350,000	600,000	950,000	23,840	43,333	29,963	6,000	16,390	8,809	23,768	5,201	17,520	260,000	0,000	92815,842	92816,843	92822,478	92822,834	92823,094	92823,442	0,000	34095,842	34096,843	34102,478	34102,834	34103,094	34103,442	2,503	8,414	1,759	4,875	25,000	0,000	8,779	13,165	1,000	185,000	30,000	960,000	373,333
550,000	530,000	1080,000	22,559	37,736	34,052	5,000	19,049	8,771	23,428	5,542	19,710	200,000	0,000	92828,138	92829,137	92833,512	92834,075	92834,274	92834,612	0,000	34108,138	34109,138	34113,512	34114,075	34114,275	34114,612	2,253	8,498	1,444	5,373	25,000	0,000	28,027	27,289	1,000	207,000	97,000	960,000	373,333
320,000	840,000	1160,000	23,898	33,333	31,513	7,000	16,002	9,316	21,951	7,019	15,171	280,000	0,000	92841,934	92842,934	92847,227	92847,553	92847,833	92848,402	0,000	34121,934	34122,934	34127,227	34127,553	34127,833	34128,402	1,746	9,229	0,887	7,097	25,000	0,000	21,565	21,706	1,000	181,000	34,000	960,000	373,333
370,000	350,000	720,000	21,473	40,000	21,559	4,000	23,920	5,271	26,459	2,511	22,009	140,000	0,000	92855,674	92856,674	92859,588	92859,962	92860,102	92900,322	0,000	34135,674	34136,674	34139,588	34139,963	34140,103	34140,323	2,818	4,504	1,359	2,159	25,000	0,000	9,492	17,203	1,000	223,000	174,000	960,000	373,333
300,000	950,000	1250,000	22,523	28,421	33,909	8,000	23,370	8,601	22,354	6,616	20,142	270,000	0,000	92910,843	92911,844	92915,343	92915,652	92915,922	92916,613	0,000	34150,843	34151,844	34155,343	34155,652	34155,922	34156,613	4,136	7,568	2,423	6,157	25,000	0,000	12,387	14,036	1,000	199,000	124,000	960,000	373,333
1070,000	360,000	1430,000	21,293	97,222	25,274	0,000	23,541	6,377	22,807	6,163	23,373	350,000	0,000	92921,254	92922,254	92927,244	92928,323	92928,674	92928,692	0,000	34161,254	34162,254	34167,244	34168,324	34168,674	34168,692	4,064	5,368	3,936	5,194	25,000	0,000	NaN	20,433	1,000	248,000	116,000	960,000	373,333
390,000	1020,000	1410,000	13,418	14,706	19,370	10,000	49,712	8,222	27,655	1,315	28,007	150,000	0,000	92935,180	92936,179	92942,001	92942,393	92942,543	92943,424	0,000	34175,180	34176,179	34182,001	34182,393	34182,543	34183,424	11,392	2,025	2,656	0,413	25,000	0,000	7,636	8,935	1,000	483,000	383,000	960,000	373,333
300,000	750,000	1050,000	3,091	53,333	47,210	4,000	63,150	16,344	16,274	12,696	62,437	400,000	0,000	92949,049	92950,049	92954,425	92954,733	92955,133	92955,492	0,000	34189,049	34190,049	34194,425	34194,733	34195,133	34195,492	20,620	1,772	17,194	0,990	25,000	0,000	26,338	29,325	1,000	875,000	443,000	960,000	373,333
30,000	1360,000	1390,000	2,188	18,382	61,933	15,000	64,014	18,742	25,520	3,449	43,828	250,000	0,000	93000,835	93001,835	93006,211	93006,412	93006,662	93007,782	0,000	34200,835	34201,835	34206,211	34206,412	34206,662	34207,782	23,147	2,593	6,089	0,822	25,000	0,000	23,572	23,354	1,000	942,000	449,000	960,000	373,333
300,000	810,000	1110,000	2,383	25,926	90,444	6,000	62,330	19,253	17,451	11,518	64,488	210,000	0,000	93013,836	93014,836	93019,361	93019,663	93019,873	93020,482	0,000	34213,836	34214,836	34219,361	34219,663	34219,873	34220,483	22,641	3,573	16,102	1,231	25,000	0,000	73,106	70,528	1,000	963,000	458,000	960,000	373,333
320,000	910,000	1230,000	5,472	51,648	56,051	5,000	62,834	22,025	12,473	16,497	61,630	470,000	0,000	93027,432	93028,431	93031,530	93031,852	93032,322	93032,773	0,000	34227,432	34228,431	34231,530	34231,852	34232,322	34232,773	25,796	4,447	20,594	3,003	25,000	0,000	28,444	33,509	1,000	1062,000	539,000	960,000	373,333
320,000	1110,000	1430,000	4,351	28,829	74,119	14,000	62,769	21,519	15,253	13,716	65,640	320,000	0,000	93037,497	93038,497	93043,026	93043,353	93043,673	93044,472	0,000	34237,497	34238,497	34243,026	34243,353	34243,673	34244,472	25,313	4,370	18,844	1,435	25,000	0,000	64,187	64,619	1,000	964,000	528,000	960,000	373,333
310,000	890,000	1200,000	5,788	15,730	42,127	10,000	56,940	16,431	26,468	2,502	31,604	140,000	0,000	93050,613	93051,613	93056,862	93057,182	93057,322	93058,083	0,000	34250,613	34251,613	34256,862	34257,183	34257,323	34258,083	20,082	4,022	3,682	1,164	25,000	0,000	16,541	18,788	1,000	845,000	544,000	960,000	373,333
350,000	630,000	980,000	6,144	60,317	62,861	3,000	57,265	18,120	13,228	15,742	57,170	380,000	0,000	93104,396	93105,396	93110,346	93110,702	93111,082	93111,343	0,000	34264,396	34265,396	34270,346	34270,702	34271,082	34271,343	20,955	4,922	18,894	4,268	25,000	0,000	36,105	34,704	1,000	906,000	585,000	960,000	373,333
30,000	20,000	50,000	25,482	0,000	0,000	0,000	8,416	0,000	28,970	0,000	8,416	0,000	0,000	93116,863	93117,862	93121,280	93121,481	93121,481	93121,502	0,000	34276,863	34277,862	34281,280	34281,481	34281,481	34281,502	0,000	0,000	0,000	0,000	25,000	0,000	NaN	NaN	1,000	54,000	365,000	960,000	373,333
360,000	700,000	1060,000	7,421	27,143	43,800	4,000	56,035	12,853	22,940	6,030	52,521	190,000	0,000	93130,635	93131,636	93135,465	93135,833	93136,023	93136,543	0,000	34290,635	34291,636	34295,465	34295,833	34296,023	34296,543	15,244	3,038	8,863	0,831	25,000	0,000	37,539	37,419	1,000	720,000	483,000	960,000	373,333
360,000	650,000	1010,000	3,008	29,231	73,587	4,000	62,120	18,287	19,148	9,822	59,146	190,000	0,000	93142,155	93143,155	93146,857	93147,223	93147,413	93147,883	0,000	34302,155	34303,156	34306,858	34307,223	34307,413	34307,883	21,712	3,263	13,580	1,635	25,000	0,000	67,747	65,899	1,000	930,000	476,000	960,000	373,333
320,000	590,000	910,000	3,141	67,797	70,330	2,000	63,007	18,488	12,558	16,412	64,361	400,000	0,000	93152,952	93153,952	93156,367	93156,694	93157,094	93157,293	0,000	34312,952	34313,953	34316,367	34316,694	34317,094	34317,293	22,023	2,843	20,463	1,846	25,000	0,000	24,699	25,423	1,000	960,000	485,000	960,000	373,333
330,000	610,000	940,000	4,789	85,246	67,543	2,000	59,357	15,468	13,526	15,444	59,407	520,000	0,000	93201,958	93202,959	93208,073	93208,414	93208,934	93209,032	0,000	34321,958	34322,959	34328,073	34328,414	34328,934	34329,032	19,631	2,532	19,631	2,485	25,000	0,000	0,937	1,002	1,000	844,000	498,000	960,000	373,333
290,000	850,000	1140,000	5,074	16,471	59,643	6,000	58,736	18,713	26,299	2,670	36,838	140,000	0,000	93213,685	93214,686	93217,018	93217,312	93217,452	93218,172	0,000	34333,685	34334,686	34337,018	34337,312	34337,452	34338,172	22,333	4,840	4,889	0,878	25,000	0,000	16,306	17,673	1,000	896,000	542,000	960,000	373,333
340,000	760,000	1100,000	5,880	34,211	59,397	4,000	58,226	19,383	19,165	9,805	54,536	260,000	0,000	93222,951	93223,951	93227,779	93228,124	93228,384	93228,892	0,000	34342,951	34343,951	34347,779	34348,124	34348,384	34348,892	22,390	5,287	13,349	2,440	25,000	0,000	45,834	47,495	1,000	936,000	581,000	960,000	373,333
360,000	1070,000	1430,000	4,323	28,972	35,887	8,000	60,416	18,234	20,981	7,989	56,251	310,000	0,000	93233,542	93234,543	93237,761	93238,123	93238,433	93239,202	0,000	34353,542	34354,543	34357,761	34358,123	34358,433	34359,202	21,657	3,827	11,917	0,617	25,000	0,000	23,223	26,351	1,000	921,000	522,000	960,000	373,333
330,000	860,000	1190,000	5,875	26,744	45,962	4,000	60,583	21,081	25,089	3,881	39,281	230,000	0,000	93245,350	93246,351	93248,716	93249,053	93249,283	93249,922	0,000	34365,350	34366,351	34368,716	34369,053	34369,283	34369,922	24,895	4,898	6,034	1,277	25,000	0,000	13,269	18,445	1,000	1018,000	574,000	960,000	373,333
330,000	910,000	1240,000	6,758	46,154	39,466	4,000	55,555	14,834	18,340	10,629	52,564	420,000	0,000	93254,574	93255,575	93300,553	93300,892	93301,312	93301,813	0,000	34374,574	34375,575	34380,553	34380,892	34381,312	34381,813	18,199	3,656	13,942	2,724	25,000	0,000	17,329	16,920	1,000	795,000	548,000	960,000	373,333
390,000	1040,000	1430,000	3,368	25,000	29,622	9,000	61,126	18,084	24,021	4,948	44,078	260,000	0,000	93306,454	93307,454	93310,812	93311,212	93311,472	93312,262	0,000	34386,454	34387,454	34390,812	34391,212	34391,472	34392,262	22,056	3,404	7,480	1,299	25,000	0,000	22,175	22,700	1,000	933,000	490,000	960,000	373,333
350,000	1080,000	1430,000	2,263	23,148	33,221	10,000	63,980	17,964	23,061	5,909	52,836	250,000	0,000	93317,783	93318,784	93324,417	93324,773	93325,023	93325,863	0,000	34397,783	34398,784	34404,417	34404,773	34405,023	34405,863	21,995	2,334	9,331	0,475	25,000	0,000	28,922	27,895	1,000	930,000	448,000	960,000	373,333
30,000	1000,000	1030,000	3,343	49,000	35,961	4,000	62,941	19,067	19,360	9,610	54,718	490,000	0,000	93334,283	93335,283	93339,698	93339,900	93340,390	93340,902	0,000	34414,283	34415,283	34419,698	34419,900	34420,390	34420,902	24,976	2,589	14,866	1,630	25,000	0,000	25,747	27,053	1,000	967,000	492,000	960,000	373,333
360,000	940,000	1300,000	4,046	24,468	40,094	12,000	60,468	18,614	22,981	5,989	50,445	230,000	0,000	93345,541	93346,541	93351,964	93352,332	93352,562	93353,284	0,000	34425,541	34426,541	34431,964	34432,332	34432,562	34433,284	20,761	4,643	8,032	1,460	25,000	0,000	26,542	33,388	1,000	902,000	505,000	960,000	373,333
390,000	840,000	1230,000	4,653	19,048	40,655	8,000	60,321	19,815	26,214	2,756	40,174	160,000	0,000	93357,926	93358,926	93401,759	93402,152	93402,312	93403,002	0,000	34437,926	34438,926	34441,759	34442,152	34442,312	34443,002	22,871	4,956	4,810	0,684	25,000	0,000	12,569	18,633	1,000	944,000	538,000	960,000	373,333
230,000	900,000	1130,000	6,526	14,444	48,999	7,000	60,504	22,104	27,766	1,204	27,935	130,000	0,000	93407,858	93408,859	93413,962	93414,202	93414,332	93415,112	0,000	34447,858	34448,859	34453,962	34454,202	34454,332	34455,112	26,270	5,375	2,741	0,346	25,000	0,000	6,338	10,295	1,000	1043,000	590,000	960,000	373,333
310,000	970,000	1280,000	4,886	20,619	24,054	14,000	59,167	16,127	25,651	3,319	39,414	200,000	0,000	93419,752	93420,752	93425,205	93425,523	93425,723	93426,502	0,000	34459,752	34460,752	34465,205	34465,523	34465,723	34466,502	19,861	3,293	5,461	0,892	25,000	0,000	12,380	17,741	1,000	836,000	495,000	960,000	373,333
300,000	970,000	1270,000	6,787	17,526	46,988	13,000	56,520	13,535	26,333	2,637	35,587	170,000	0,000	93432,671	93433,672	93439,541	93439,845	93440,015	93440,822	0,000	34472,671	34473,672	34479,541	34479,845	34480,015	34480,822	18,309	2,448	5,245	0,784	25,000	0,000	18,682	18,148	1,000	754,000	499,000	960,000	373,333
440,000	920,000	1360,000	5,301	45,652	48,430	8,000	58,731	15,543	17,171	11,799	58,469	420,000	0,000	93445,457	93446,458	93449,109	93449,553	93449,973	93450,482	0,000	34485,457	34486,458	34489,109	34489,554	34489,974	34490,482	18,901	3,431	15,608	2,074	25,000	0,000	20,010	20,168	1,000	797,000	468,000	960,000	373,333
310,000	730,000	1040,000	3,347	45,205	44,420	6,000	62,463	16,090	20,314	8,656	58,384	330,000	0,000	93455,130	93456,129	93500,246	93500,562	93500,892	93501,302	0,000	34495,130	34496,129	34500,246	34500,562	34500,892	34501,302	19,999	2,085	12,598	0,815	25,000	0,000	29,356	34,386	1,000	865,000	445,000	960,000	373,333
280,000	930,000	1210,000	3,497	44,086	45,312	6,000	61,580	16,879	18,184	10,786	57,245	410,000	0,000	93506,467	93507,468	93510,156	93510,442	93510,852	93511,382	0,000	34506,468	34507,468	34510,156	34510,442	34510,852	34511,382	20,902	2,672	14,650	1,655	25,000	0,000	18,429	24,978	1,000	887,000	474,000	960,000	373,333
300,000	1130,000	1430,000	4,966	30,088	34,563	8,000	58,844	15,142	20,522	8,448	52,910	340,000	0,000	93516,232	93517,233	93521,890	93522,192	93522,532	93523,332	0,000	34516,232	34517,233	34521,891	34522,192	34522,532	34523,332	18,882	2,731	11,881	1,529	25,000	0,000	27,257	28,028	1,000	833,000	496,000	960,000	373,333
290,000	1040,000	1330,000	3,547	25,000	49,363	11,000	61,664	15,793	22,226	6,744	54,981	260,000	0,000	93528,223	93529,223	93534,488	93534,782	93535,042	93535,833	0,000	34528,223	34529,223	34534,488	34534,782	34535,042	34535,833	20,533	1,773	11,248	0,379	25,000	0,000	37,103	36,640	1,000	879,000	470,000	960,000	373,333
90,000	20,000	110,000	24,450	0,000	0,000	0,000	12,910	0,000	28,970	0,000	12,910	0,000	0,000	93542,459	93543,458	93545,486	93545,687	93545,687	93545,712	0,000	34542,459	34543,458	34545,486	34545,687	34545,687	34545,712	0,000	0,000	0,000	0,000	25,000	0,000	NaN	NaN	1,000	91,000	397,000	960,000	373,333
390,000	1040,000	1430,000	4,869	32,692	41,108	12,000	61,689	20,193	19,501	9,468	54,672	340,000	0,000	93552,964	93553,964	93558,396	93558,792	93559,132	93559,842	0,000	34552,964	34553,964	34558,396	34558,792	34559,132	34559,842	24,613	3,885	13,735	1,648	25,000	0,000	30,269	30,163	1,000	999,000	542,000	960,000	373,333
340,000	950,000	1290,000	3,897	42,105	58,552	7,000	63,206	19,832	14,215	14,754	64,656	400,000	0,000	93605,019	93606,019	93609,087	93609,432	93609,832	93610,393	0,000	34565,019	34566,019	34569,087	34569,432	34569,832	34570,393	24,246	3,071	19,979	1,208	25,000	0,000	40,811	40,651	1,000	1000,000	506,000	960,000	373,333
270,000	1070,000	1340,000	3,289	50,467	49,266	8,000	62,776	19,391	15,951	13,019	57,995	540,000	0,000	93616,440	93617,441	93620,741	93621,012	93621,552	93622,092	0,000	34576,440	34577,441	34580,741	34581,012	34581,552	34582,092	24,865	3,010	18,178	2,244	25,000	0,000	13,450	18,060	1,000	968,000	490,000	960,000	373,333
150,000	1030,000	1180,000	3,306	21,359	44,615	10,000	64,102	21,659	26,953	2,017	30,830	220,000	0,000	93627,165	93628,166	93632,103	93632,304	93632,524	93633,343	0,000	34587,165	34588,166	34592,103	34592,304	34592,524	34593,343	26,976	3,632	4,136	0,790	25,000	0,000	7,017	15,667	1,000	1036,000	463,000	960,000	373,333
330,000	1100,000	1430,000	4,550	37,273	50,838	6,000	66,965	22,465	15,737	13,232	64,829	410,000	0,000	93640,006	93641,006	93643,874	93644,212	93644,622	93645,322	0,000	34600,006	34601,006	34603,874	34604,212	34604,622	34605,322	27,251	2,494	18,333	0,623	25,000	0,000	34,694	33,322	1,000	1103,000	449,000	960,000	373,333
330,000	810,000	1140,000	0,882	28,395	40,286	8,000	66,269	18,213	22,732	6,238	55,969	230,000	0,000	93650,155	93651,156	93655,164	93655,504	93655,734	93656,322	0,000	34610,155	34611,156	34615,164	34615,504	34615,734	34616,323	22,108	1,715	9,553	0,421	25,000	0,000	29,969	32,331	1,000	942,000	399,000	960,000	373,333
330,000	660,000	990,000	2,263	40,909	43,256	4,000	63,891	16,219	21,264	7,706	56,697	270,000	0,000	93701,116	93702,116	93706,343	93706,683	93706,953	93707,352	0,000	34621,116	34622,116	34626,343	34626,683	34626,953	34627,352	20,955	1,098	11,929	0,479	25,000	0,000	37,386	40,714	1,000	906,000	433,000	960,000	373,333
360,000	900,000	1260,000	1,548	15,556	37,290	8,000	65,165	17,375	26,907	2,062	38,896	140,000	0,000	93711,983	93712,984	93716,738	93717,102	93717,242	93718,013	0,000	34631,983	34632,984	34636,738	34637,103	34637,243	34638,013	21,825	1,576	4,057	0,304	25,000	0,000	13,553	14,674	1,000	915,000	405,000	960,000	373,333
300,000	1040,000	1340,000	1,516	25,000	49,214	8,000	65,213	18,685	22,433	6,537	53,533	260,000	0,000	93722,988	93723,988	93726,846	93727,152	93727,413	93728,202	0,000	34642,988	34643,988	34646,846	34647,153	34647,413	34648,202	23,066	2,111	10,050	1,069	25,000	0,000	31,714	37,544	1,000	955,000	427,000	960,000	373,333
300,000	990,000	1290,000	2,468	19,192	38,627	13,000	63,513	17,131	26,187	2,783	43,727	190,000	0,000	93733,033	93734,034	93736,359	93736,663	93736,853	93737,662	0,000	34653,033	34654,034	34656,359	34656,663	34656,853	34657,662	21,238	2,279	5,431	0,200	25,000	0,000	17,176	16,343	1,000	887,000	422,000	960,000	373,333
310,000	940,000	1250,000	3,641	34,043	35,864	4,000	65,194	20,827	21,484	7,486	54,375	320,000	0,000	93743,526	93744,525	93746,964	93747,283	93747,603	93748,233	0,000	34663,526	34664,525	34666,964	34667,283	34667,603	34668,233	26,043	2,448	12,007	0,658	25,000	0,000	27,349	30,081	1,000	1045,000	471,000	960,000	373,333
30,000	1090,000	1120,000	3,770	46,789	46,624	10,000	61,784	16,945	18,198	10,772	57,360	510,000	0,000	93753,819	93754,819	93757,584	93757,784	93758,294	93758,882	0,000	34673,819	34674,819	34677,584	34677,784	34678,294	34678,882	22,361	2,786	16,073	1,754	25,000	0,000	27,954	31,532	1,000	848,000	447,000	960,000	373,333
430,000	1000,000	1430,000	3,535	17,000	46,894	7,000	62,608	18,985	26,102	2,868	41,850	170,000	0,000	93803,685	93804,685	93806,744	93807,182	93807,352	93808,193	0,000	34683,685	34684,685	34686,744	34687,182	34687,352	34688,193	22,971	3,206	5,260	0,453	25,000	0,000	18,375	18,176	1,000	963,000	499,000	960,000	373,333
280,000	900,000	1180,000	3,750	45,556	53,425	6,000	61,634	18,274	15,729	13,241	60,386	410,000	0,000	93812,843	93813,843	93818,990	93819,274	93819,684	93820,182	0,000	34692,843	34693,843	34698,990	34699,274	34699,684	34700,182	22,586	3,094	17,882	1,615	25,000	0,000	26,523	28,192	1,000	939,000	505,000	960,000	373,333
330,000	1020,000	1350,000	5,920	20,588	54,900	10,000	63,166	23,143	26,269	2,701	36,577	210,000	0,000	93825,917	93826,917	93832,582	93832,923	93833,133	93833,953	0,000	34705,917	34706,917	34712,582	34712,923	34713,133	34713,953	27,451	4,530	4,799	0,693	25,000	0,000	15,891	16,101	1,000	1107,000	524,000	960,000	373,333
310,000	1050,000	1360,000	4,348	29,524	30,650	10,000	58,607	14,702	22,374	6,595	49,756	310,000	0,000	93838,598	93839,598	93845,540	93845,853	93846,163	93846,912	0,000	34718,598	34719,598	34725,540	34725,853	34726,163	34726,912	19,467	2,222	10,708	0,967	25,000	0,000	21,245	28,943	1,000	821,000	441,000	960,000	373,333
260,000	1170,000	1430,000	6,880	47,009	33,723	6,000	56,061	13,140	18,973	9,996	52,468	550,000	0,000	93851,602	93852,602	93858,260	93858,523	93859,073	93859,702	0,000	34731,602	34732,602	34738,260	34738,523	34739,073	34739,702	18,591	2,306	15,119	1,906	25,000	0,000	11,051	11,501	1,000	745,000	490,000	960,000	373,333
30,000	1050,000	1080,000	4,965	29,524	35,586	11,000	59,597	14,299	25,793	3,177	37,797	310,000	0,000	93904,355	93905,354	93909,308	93909,509	93909,819	93910,562	0,000	34744,355	34745,354	34749,309	34749,509	34749,819	34750,562	19,915	1,690	6,351	0,815	25,000	0,000	17,843	17,929	1,000	801,000	450,000	960,000	373,333
310,000	1120,000	1430,000	2,434	26,786	46,700	10,000	63,059	16,696	20,043	8,927	57,053	300,000	0,000	93917,081	93918,082	93922,426	93922,742	93923,042	93923,873	0,000	34757,081	34758,082	34762,426	34762,742	34763,042	34763,873	21,543	1,659	13,411	0,896	25,000	0,000	40,947	40,064	1,000	913,000	446,000	960,000	373,333
360,000	1070,000	1430,000	9,190	42,991	47,894	10,000	54,754	10,387	19,671	9,299	55,304	460,000	0,000	93928,808	93929,808	93935,441	93935,803	93936,263	93936,883	0,000	34768,808	34769,808	34775,441	34775,803	34776,263	34776,883	13,821	1,773	13,036	1,015	25,000	0,000	0,678	0,791	1,000	635,000	407,000	960,000	373,333
