550,000	810,000	1360,000	28,822	19,753	46,114	9,000	9,939	13,385	27,952	1,018	13,813	160,000	0,000	140640,278	140641,278	140647,100	140647,659	140647,819	140648,479	0,000	50800,278	50801,278	50807,100	50807,659	50807,819	50808,479	1,381	13,388	0,086	1,031	25,000	0,000	33,240	6,251	1,000	56,000	856,000	960,000	373,333
450,000	220,000	670,000	27,044	0,000	21,800	0,000	16,157	1,591	28,969	0,000	8,839	0,000	0,000	140654,543	140655,544	140701,089	140701,549	140701,549	140701,778	0,000	50814,543	50815,544	50821,089	50821,549	50821,549	50821,778	1,834	1,211	0,000	0,000	25,000	0,000	14,127	NaN	1,000	0,000	428,000	960,000	373,333
340,000	330,000	670,000	24,177	45,455	70,601	2,000	20,005	13,990	25,109	3,861	26,771	150,000	0,000	140706,666	140707,666	140711,700	140712,050	140712,200	140712,389	0,000	50826,666	50827,666	50831,700	50832,050	50832,200	50832,389	4,582	13,147	2,794	3,003	25,000	0,000	39,965	27,942	1,000	242,000	846,000	960,000	373,333
300,000	790,000	1090,000	14,476	51,899	44,108	9,000	41,336	8,806	20,328	8,641	41,533	410,000	0,000	140716,827	140717,827	140721,220	140721,529	140721,939	140722,328	0,000	50836,827	50837,827	50841,220	50841,529	50841,939	50842,328	8,691	4,644	8,636	4,472	25,000	0,000	0,023	0,070	1,000	471,000	534,000	960,000	373,333
360,000	410,000	770,000	12,719	68,293	77,460	2,000	42,788	16,222	14,982	13,988	41,613	280,000	0,000	140726,768	140727,768	140731,508	140731,879	140732,159	140732,298	0,000	50846,768	50847,768	50851,508	50851,879	50852,159	50852,298	15,190	9,339	13,178	8,561	25,000	0,000	45,078	58,533	1,000	672,000	722,000	960,000	373,333
410,000	460,000	870,000	21,185	82,609	78,778	2,000	24,897	14,777	14,216	14,754	24,791	380,000	0,000	140737,496	140738,497	140741,972	140742,389	140742,769	140742,889	0,000	50857,496	50858,497	50861,972	50862,389	50862,769	50862,889	8,074	12,656	8,018	12,658	25,000	0,000	0,788	1,567	1,000	410,000	888,000	960,000	373,333
440,000	370,000	810,000	21,963	97,297	38,360	0,000	19,494	7,125	21,845	7,125	19,494	360,000	0,000	140747,321	140748,323	140752,126	140752,568	140752,928	140752,949	0,000	50867,321	50868,323	50872,126	50872,568	50872,928	50872,949	3,685	6,331	3,686	6,331	25,000	0,000	NaN	4,471	1,000	234,000	661,000	960,000	373,333
380,000	710,000	1090,000	13,129	33,803	35,541	6,000	42,009	16,018	23,541	5,428	30,455	240,000	0,000	140757,382	140758,382	140802,912	140803,298	140803,538	140804,020	0,000	50877,382	50878,382	50882,912	50883,298	50883,538	50884,020	14,742	9,481	4,836	3,810	25,000	0,000	24,081	26,933	1,000	653,000	725,000	960,000	373,333
370,000	580,000	950,000	16,540	25,862	56,441	5,000	34,444	10,950	24,611	4,358	28,106	150,000	0,000	140812,665	140813,664	140817,733	140818,109	140818,259	140818,699	0,000	50892,665	50893,664	50897,733	50898,109	50898,259	50898,699	9,592	7,341	4,120	3,174	25,000	0,000	31,523	29,965	1,000	457,000	678,000	960,000	373,333
360,000	410,000	770,000	16,995	46,341	34,199	2,000	33,960	8,091	24,185	4,784	30,981	190,000	0,000	140823,128	140824,130	140827,636	140827,998	140828,188	140828,418	0,000	50903,128	50904,130	50907,636	50907,998	50908,188	50908,418	7,650	5,153	4,948	3,155	25,000	0,000	25,122	27,009	1,000	394,000	585,000	960,000	373,333
450,000	440,000	890,000	24,706	38,636	29,145	4,000	11,533	7,444	25,515	3,455	9,155	170,000	0,000	140832,850	140833,850	140838,670	140839,129	140839,299	140839,578	0,000	50912,850	50913,850	50918,670	50919,129	50919,299	50919,578	1,800	7,229	0,340	3,449	25,000	0,000	21,348	22,793	1,000	141,000	691,000	960,000	373,333
380,000	450,000	830,000	21,822	46,667	33,006	3,000	20,213	8,387	23,303	5,666	18,101	210,000	0,000	140845,465	140846,466	140851,000	140851,389	140851,599	140851,848	0,000	50925,465	50926,466	50931,000	50931,389	50931,599	50931,849	4,587	7,369	2,959	5,115	25,000	0,000	29,032	28,434	1,000	246,000	677,000	960,000	373,333
350,000	770,000	1120,000	11,952	63,636	76,001	5,000	50,730	22,404	8,824	20,146	48,919	490,000	0,000	140856,519	140857,518	140903,028	140903,378	140903,868	140904,159	0,000	50936,519	50937,518	50943,028	50943,378	50943,868	50944,159	22,499	10,438	20,120	9,874	25,000	0,000	4,749	10,726	1,000	805,000	769,000	960,000	373,333
300,000	470,000	770,000	18,055	68,085	33,900	2,000	31,602	8,444	22,843	6,127	29,408	320,000	0,000	140908,781	140909,782	140913,320	140913,628	140913,948	140914,108	0,000	50948,781	50949,782	50953,320	50953,628	50953,948	50954,108	7,371	5,965	5,537	4,514	25,000	0,000	18,053	29,209	1,000	347,000	564,000	960,000	373,333
280,000	530,000	810,000	16,232	28,302	64,568	2,000	35,463	16,038	25,576	3,394	20,229	150,000	0,000	140919,252	140920,253	140925,394	140925,678	140925,828	140926,218	0,000	50959,252	50960,253	50965,394	50965,678	50965,828	50966,218	13,783	11,114	2,807	2,816	25,000	0,000	19,080	23,476	1,000	567,000	796,000	960,000	373,333
920,000	510,000	1430,000	25,289	35,294	64,235	3,000	16,284	13,635	24,506	4,464	9,736	180,000	0,000	140931,205	140932,204	140935,646	140936,569	140936,749	140937,089	0,000	50971,205	50972,204	50975,646	50976,569	50976,749	50977,089	5,060	12,838	0,850	4,404	25,000	0,000	29,955	31,298	1,000	189,000	836,000	960,000	373,333
320,000	760,000	1080,000	10,957	85,526	51,655	3,000	47,115	17,685	11,326	17,644	47,040	650,000	0,000	140942,972	140943,973	140947,806	140948,128	140948,778	140948,899	0,000	50982,972	50983,973	50987,806	50988,128	50988,778	50988,899	17,580	8,972	17,523	8,972	25,000	0,000	0,268	0,201	1,000	754,000	704,000	960,000	373,333
370,000	510,000	880,000	17,316	39,216	29,571	2,000	33,064	8,014	24,308	4,662	29,293	200,000	0,000	140953,335	140954,334	140959,263	140959,641	140959,841	141000,158	0,000	50993,335	50994,334	50999,263	50999,641	50999,841	51000,158	7,539	5,203	4,688	3,152	25,000	0,000	22,551	21,638	1,000	386,000	596,000	960,000	373,333
460,000	360,000	820,000	19,899	58,333	39,711	2,000	25,503	9,247	21,414	7,555	24,601	210,000	0,000	141006,500	141007,502	141010,755	141011,220	141011,430	141011,589	0,000	51006,500	51007,502	51010,755	51011,220	51011,430	51011,589	6,274	7,484	5,190	6,231	25,000	0,000	31,652	36,530	1,000	320,000	675,000	960,000	373,333
580,000	440,000	1020,000	21,528	97,727	62,427	0,000	23,458	14,400	14,571	14,398	23,458	430,000	0,000	141016,375	141017,376	141019,814	141020,400	141020,830	141020,848	0,000	51016,375	51017,376	51019,814	51020,400	51020,830	51020,848	7,931	12,489	7,933	12,486	25,000	0,000	NaN	2,095	1,000	381,000	874,000	960,000	373,333
340,000	490,000	830,000	18,328	32,653	74,780	3,000	37,212	15,361	21,770	7,200	28,526	160,000	0,000	141026,933	141027,934	141032,796	141033,139	141033,299	141033,638	0,000	51026,933	51027,934	51032,796	51033,139	51033,299	51033,638	13,421	10,223	5,931	5,664	25,000	0,000	30,660	46,186	1,000	412,000	726,000	960,000	373,333
580,000	390,000	970,000	19,995	41,026	61,439	3,000	25,757	11,340	20,802	8,168	23,663	160,000	0,000	141038,429	141039,430	141041,447	141042,028	141042,188	141042,428	0,000	51038,430	51039,430	51041,447	51042,028	51042,188	51042,428	7,312	9,282	5,109	6,972	25,000	0,000	53,748	50,740	1,000	370,000	770,000	960,000	373,333
320,000	570,000	890,000	25,551	31,579	50,562	4,000	13,334	13,821	25,582	3,387	9,332	180,000	0,000	141047,696	141048,697	141052,025	141052,349	141052,529	141052,929	0,000	51047,696	51048,697	51052,025	51052,349	51052,529	51052,929	4,221	13,251	0,744	3,322	25,000	0,000	16,412	22,830	1,000	210,000	886,000	960,000	373,333
310,000	460,000	770,000	9,403	97,826	61,600	0,000	50,227	14,070	14,899	14,071	50,227	450,000	0,000	141058,404	141059,404	141103,944	141104,258	141104,708	141104,729	0,000	51058,404	51059,404	51063,944	51064,258	51064,708	51064,729	16,344	5,347	16,346	5,347	25,000	0,000	NaN	12,415	1,000	698,000	581,000	960,000	373,333
440,000	620,000	1060,000	25,139	19,355	40,163	4,000	11,625	9,785	25,878	3,092	10,182	120,000	0,000	141110,176	141111,177	141114,177	141114,619	141114,739	141115,249	0,000	51070,176	51071,177	51074,177	51074,619	51074,739	51075,249	2,279	9,510	0,538	3,039	25,000	0,000	24,596	26,603	1,000	158,000	768,000	960,000	373,333
450,000	530,000	980,000	14,163	35,849	39,595	3,000	52,193	9,677	24,177	4,793	45,029	190,000	0,000	141119,682	141120,681	141123,624	141124,080	141124,270	141124,618	0,000	51079,682	51080,681	51083,624	51084,080	51084,270	51084,618	12,500	2,230	7,194	1,312	25,000	0,000	18,269	31,948	1,000	462,000	448,000	960,000	373,333
420,000	550,000	970,000	24,152	25,455	25,524	6,000	34,999	7,273	25,824	3,146	23,169	140,000	0,000	141129,697	141130,698	141134,873	141135,298	141135,438	141135,858	0,000	51089,697	51090,698	51094,873	51095,298	51095,438	51095,858	7,630	4,219	2,412	2,485	25,000	0,000	20,246	23,498	1,000	119,000	547,000	960,000	373,333
370,000	330,000	700,000	22,205	96,970	53,388	0,000	19,125	8,283	20,686	8,284	19,125	320,000	0,000	141141,238	141142,239	141146,812	141147,190	141147,510	141147,528	0,000	51101,238	51102,239	51106,812	51107,190	51107,510	51107,528	3,939	7,426	3,938	7,428	25,000	0,000	NaN	3,635	1,000	239,000	695,000	960,000	373,333
330,000	440,000	770,000	25,607	29,545	37,586	5,000	16,344	8,586	24,993	3,977	10,893	130,000	0,000	141152,909	141153,908	141159,342	141159,679	141159,809	141200,129	0,000	51112,909	51113,908	51119,343	51119,679	51119,809	51120,129	3,415	7,990	0,632	3,942	25,000	0,000	30,737	34,322	1,000	102,000	678,000	960,000	373,333
490,000	380,000	870,000	25,985	86,842	74,691	1,000	14,068	11,621	17,505	11,465	13,514	330,000	0,000	141204,567	141205,568	141210,045	141210,539	141210,869	141210,929	0,000	51124,567	51125,567	51130,045	51130,539	51130,869	51130,929	3,628	11,082	3,183	11,064	25,000	0,000	1,237	0,615	1,000	158,000	832,000	960,000	373,333
430,000	740,000	1170,000	19,510	27,027	29,597	5,000	44,728	9,347	24,930	4,039	33,977	200,000	0,000	141215,462	141216,462	141221,134	141221,568	141221,768	141222,318	0,000	51135,462	51136,462	51141,134	51141,568	51141,768	51142,318	11,148	3,755	5,014	2,119	25,000	0,000	10,568	17,829	1,000	284,000	529,000	960,000	373,333
360,000	220,000	580,000	15,646	95,455	64,748	0,000	37,617	8,610	20,370	8,599	37,617	210,000	0,000	141226,899	141227,901	141230,620	141230,989	141231,199	141231,219	0,000	51146,899	51147,901	51150,620	51150,990	51151,200	51151,219	8,054	5,071	8,067	5,049	25,000	0,000	NaN	46,697	1,000	440,000	571,000	960,000	373,333
480,000	400,000	880,000	18,911	85,000	54,343	1,000	35,279	11,037	18,614	10,356	34,573	340,000	0,000	141235,848	141236,849	141241,328	141241,809	141242,149	141242,219	0,000	51155,848	51156,849	51161,328	51161,809	51162,149	51162,219	9,991	7,120	9,196	7,012	25,000	0,000	6,852	4,524	1,000	369,000	694,000	960,000	373,333
320,000	370,000	690,000	21,130	86,486	52,200	1,000	30,637	9,949	19,566	9,404	30,121	320,000	0,000	141246,656	141247,655	141253,327	141253,651	141253,971	141254,028	0,000	51166,656	51167,655	51173,327	51173,651	51173,971	51174,028	8,146	7,145	7,426	7,120	25,000	0,000	3,999	4,009	1,000	282,000	697,000	960,000	373,333
380,000	380,000	760,000	19,107	44,737	68,382	2,000	29,315	15,613	21,404	7,565	24,745	170,000	0,000	141259,889	141300,888	141303,932	141304,319	141304,489	141304,709	0,000	51179,889	51180,888	51183,932	51184,319	51184,489	51184,709	10,612	12,481	5,194	6,413	25,000	0,000	27,351	44,631	1,000	449,000	821,000	960,000	373,333
370,000	300,000	670,000	23,808	96,667	46,821	0,000	13,995	6,365	22,607	6,363	13,995	290,000	0,000	141310,576	141311,576	141313,792	141314,170	141314,460	141314,479	0,000	51190,576	51191,576	51193,792	51194,170	51194,460	51194,480	1,716	6,107	1,717	6,105	25,000	0,000	NaN	2,904	1,000	160,000	650,000	960,000	373,333
350,000	570,000	920,000	23,453	21,053	28,201	5,000	24,736	7,907	26,047	2,923	18,367	120,000	0,000	141318,914	141319,913	141324,614	141324,968	141325,088	141325,549	0,000	51198,914	51199,914	51204,614	51204,968	51205,088	51205,549	5,532	6,361	1,803	2,542	25,000	0,000	14,248	24,610	1,000	173,000	649,000	960,000	373,333
380,000	350,000	730,000	22,684	80,000	46,677	1,000	25,213	6,678	22,852	6,117	22,887	280,000	0,000	141331,470	141332,470	141337,670	141338,059	141338,339	141338,418	0,000	51211,470	51212,471	51217,670	51218,059	51218,339	51218,419	5,018	5,176	3,977	5,089	25,000	0,000	6,424	0,589	1,000	205,000	657,000	960,000	373,333
380,000	380,000	760,000	21,794	84,211	46,605	1,000	25,082	8,998	20,466	8,504	24,701	320,000	0,000	141342,853	141343,852	141348,825	141349,210	141349,530	141349,598	0,000	51222,853	51223,852	51228,825	51229,210	51229,530	51229,598	5,985	7,292	5,471	7,064	25,000	0,000	7,634	1,993	1,000	251,000	686,000	960,000	373,333
520,000	250,000	770,000	23,384	96,000	53,208	0,000	16,220	8,237	20,735	8,235	16,220	240,000	0,000	141354,124	141355,124	141357,322	141357,850	141358,090	141358,109	0,000	51234,124	51235,124	51237,322	51237,850	51238,090	51238,109	2,902	7,723	2,902	7,723	25,000	0,000	NaN	22,401	1,000	202,000	715,000	960,000	373,333
350,000	340,000	690,000	23,009	38,235	49,349	3,000	24,928	8,526	23,391	5,579	19,725	130,000	0,000	141402,556	141403,556	141407,176	141407,528	141407,658	141407,879	0,000	51242,556	51243,556	51247,176	51247,528	51247,658	51247,879	5,852	6,841	2,900	4,952	25,000	0,000	32,438	41,583	1,000	204,000	686,000	960,000	373,333
300,000	1130,000	1430,000	22,198	17,699	40,803	12,000	25,806	16,456	23,960	5,010	19,991	200,000	0,000	141413,454	141414,454	141419,660	141419,969	141420,169	141421,108	0,000	51253,454	51254,454	51259,660	51259,969	51260,169	51261,108	9,256	14,048	2,689	4,470	25,000	0,000	22,802	24,404	1,000	227,000	666,000	960,000	373,333
350,000	450,000	800,000	25,668	82,222	71,975	2,000	13,423	15,542	14,337	14,633	13,133	370,000	0,000	141425,942	141426,942	141432,872	141433,228	141433,598	141433,689	0,000	51265,942	51266,942	51272,872	51273,228	51273,598	51273,689	4,149	14,982	3,744	14,161	25,000	0,000	4,831	7,428	1,000	163,000	818,000	960,000	373,333
380,000	460,000	840,000	24,355	65,217	96,907	2,000	14,446	17,213	14,565	14,405	14,428	300,000	0,000	141440,157	141441,156	141445,687	141446,068	141446,368	141446,539	0,000	51280,157	51281,156	51285,687	51286,068	51286,368	51286,539	5,515	16,419	4,773	13,733	25,000	0,000	10,621	6,691	1,000	196,000	781,000	960,000	373,333
30,000	20,000	50,000	24,535	0,000	0,000	0,000	14,152	0,000	28,970	0,000	14,152	0,000	0,000	141452,222	141453,222	141456,797	141456,998	141456,998	141457,018	0,000	51292,222	51293,222	51296,797	51296,998	51296,998	51297,018	0,000	0,000	0,000	0,000	25,000	0,000	NaN	NaN	1,000	88,000	349,000	960,000	373,333
390,000	370,000	760,000	26,329	97,297	95,251	0,000	12,227	11,790	17,196	11,774	12,227	360,000	0,000	141503,129	141504,128	141507,214	141507,608	141507,968	141507,989	0,000	51303,129	51304,128	51307,214	51307,608	51307,968	51307,989	2,612	11,481	2,610	11,471	25,000	0,000	NaN	4,805	1,000	133,000	812,000	960,000	373,333
370,000	340,000	710,000	24,140	91,176	67,313	1,000	18,784	10,072	19,017	9,953	18,784	310,000	0,000	141513,151	141514,152	141516,389	141516,769	141517,079	141517,119	0,000	51313,151	51314,152	51316,389	51316,769	51317,079	51317,119	5,180	9,031	5,054	9,005	25,000	0,000	NaN	0,659	1,000	183,000	738,000	960,000	373,333
330,000	460,000	790,000	26,787	30,435	71,882	3,000	15,569	13,897	22,240	6,729	11,617	140,000	0,000	141522,711	141523,711	141529,155	141529,489	141529,629	141529,959	0,000	51322,711	51323,711	51329,155	51329,489	51329,629	51329,959	4,633	13,152	1,466	6,581	25,000	0,000	42,943	54,813	1,000	109,000	801,000	960,000	373,333
350,000	500,000	850,000	25,945	50,000	60,452	4,000	22,304	10,333	21,784	7,185	17,511	250,000	0,000	141536,101	141537,101	141539,934	141540,289	141540,539	141540,798	0,000	51336,101	51337,101	51339,934	51340,289	51340,539	51340,798	4,342	9,305	1,853	6,865	25,000	0,000	8,500	6,153	1,000	67,000	142,000	960,000	373,333
320,000	120,000	440,000	27,066	0,000	32,206	0,000	14,834	2,128	28,955	0,015	10,333	0,000	0,000	141546,764	141547,764	141552,799	141553,130	141553,130	141553,259	0,000	51346,764	51347,764	51352,800	51353,130	51353,130	51353,259	1,369	1,841	0,000	0,013	25,000	0,000	24,358	NaN	1,000	0,000	306,000	960,000	373,333
370,000	350,000	720,000	16,560	97,143	42,692	0,000	36,607	7,813	21,158	7,812	36,607	340,000	0,000	141557,710	141558,710	141602,077	141602,450	141602,790	141602,809	0,000	51357,710	51358,710	51362,077	51362,450	51362,790	51362,809	7,231	4,755	7,231	4,754	25,000	0,000	NaN	3,580	1,000	390,000	521,000	960,000	373,333
400,000	370,000	770,000	20,748	43,243	65,000	3,000	27,651	13,746	20,317	8,653	23,384	160,000	0,000	141608,949	141609,948	141614,078	141614,479	141614,639	141614,859	0,000	51368,949	51369,948	51374,078	51374,479	51374,639	51374,859	9,030	11,120	5,139	7,511	25,000	0,000	50,128	53,562	1,000	354,000	794,000	960,000	373,333
350,000	420,000	770,000	17,785	85,714	60,037	1,000	40,015	11,238	18,847	10,123	39,815	360,000	0,000	141619,409	141620,408	141624,045	141624,399	141624,759	141624,828	0,000	51379,409	51380,408	51384,045	51384,399	51384,759	51384,828	11,571	6,314	10,617	5,953	25,000	0,000	14,003	4,323	1,000	374,000	611,000	960,000	373,333
380,000	370,000	750,000	24,167	89,189	47,283	1,000	19,248	9,286	19,853	9,117	19,324	330,000	0,000	141629,267	141630,266	141636,032	141636,419	141636,749	141636,798	0,000	51389,267	51390,267	51396,032	51396,419	51396,749	51396,798	4,645	8,299	4,367	8,290	25,000	0,000	0,921	4,004	1,000	181,000	736,000	960,000	373,333
400,000	430,000	830,000	16,701	41,860	83,018	3,000	44,744	18,717	18,899	10,071	35,649	180,000	0,000	141641,228	141642,229	141646,312	141646,719	141646,899	141647,158	0,000	51401,228	51402,229	51406,312	51406,719	51406,899	51407,158	18,500	10,042	9,448	6,914	25,000	0,000	38,578	64,059	1,000	533,000	786,000	960,000	373,333
380,000	790,000	1170,000	20,020	25,316	34,309	4,000	45,172	16,451	23,868	5,102	31,673	200,000	0,000	141654,804	141655,805	141701,269	141701,659	141701,859	141702,459	0,000	51414,804	51415,805	51421,269	51421,659	51421,859	51422,459	15,995	8,975	5,019	3,462	25,000	0,000	7,581	25,202	1,000	330,000	42,000	960,000	373,333
420,000	700,000	1120,000	28,973	18,571	47,619	7,000	8,078	8,850	24,780	4,190	9,026	130,000	0,000	141708,019	141709,020	141711,608	141712,028	141712,158	141712,739	0,000	51428,019	51429,020	51431,608	51432,029	51432,159	51432,739	1,462	8,733	1,071	4,102	25,000	0,000	31,655	33,196	1,000	0,000	747,000	960,000	373,333
390,000	270,000	660,000	2,546	96,296	132,630	0,000	63,587	17,864	11,193	17,777	63,587	260,000	0,000	141720,836	141721,837	141724,086	141724,479	141724,739	141724,758	0,000	51440,836	51441,837	51444,086	51444,479	51444,739	51444,758	22,019	2,366	22,063	2,364	25,000	0,000	NaN	130,810	1,000	906,000	446,000	960,000	373,333
400,000	520,000	920,000	6,789	82,692	105,773	2,000	62,266	24,950	6,586	22,384	63,424	430,000	0,000	141730,019	141731,020	141733,838	141734,249	141734,679	141734,778	0,000	51450,020	51451,020	51453,838	51454,249	51454,679	51454,779	28,467	6,007	26,542	4,908	25,000	0,000	15,681	23,029	1,000	877,000	600,000	960,000	373,333
340,000	690,000	1030,000	6,802	46,377	99,230	4,000	67,815	33,491	9,725	19,244	69,976	320,000	0,000	141740,934	141741,934	141746,091	141746,439	141746,759	141747,139	0,000	51460,934	51461,934	51466,091	51466,439	51466,759	51467,139	37,659	6,232	24,893	1,637	25,000	0,000	19,348	74,865	1,000	868,000	597,000	960,000	373,333
