370,000	440,000	810,000	24,864	38,636	36,667	4,000	13,306	10,073	24,065	4,905	12,420	170,000	0,000	150634,379	150635,379	150641,272	150641,650	150641,821	150642,101	0,000	54394,379	54395,379	54401,272	54401,651	54401,821	54402,101	2,142	9,846	0,743	4,878	25,000	0,000	34,766	35,801	1,000	174,000	778,000	960,000	373,333
360,000	530,000	890,000	25,645	32,075	48,271	7,000	11,650	9,184	24,735	4,235	13,545	170,000	0,000	150648,724	150649,723	150653,359	150653,721	150653,891	150654,261	0,000	54408,724	54409,724	54413,359	54413,721	54413,891	54414,261	1,294	9,125	0,820	4,164	25,000	0,000	6,895	17,963	1,000	113,000	711,000	960,000	373,333
300,000	470,000	770,000	23,314	76,596	46,454	1,000	16,011	9,420	19,612	9,357	15,978	360,000	0,000	150658,857	150659,857	150704,658	150704,961	150705,321	150705,441	0,000	54418,857	54419,857	54424,658	54424,961	54425,321	54425,441	2,954	8,945	2,925	8,888	25,000	0,000	1,224	0,993	1,000	196,000	695,000	960,000	373,333
400,000	310,000	710,000	25,766	51,613	62,149	2,000	11,205	8,583	23,005	5,964	11,353	160,000	0,000	150710,465	150711,465	150715,324	150715,730	150715,890	150716,051	0,000	54430,465	54431,465	54435,324	54435,730	54435,890	54436,051	1,858	8,383	1,468	5,799	25,000	0,000	44,878	41,682	1,000	117,000	732,000	960,000	373,333
360,000	110,000	470,000	23,347	0,000	77,476	0,000	16,039	6,038	28,906	0,064	15,279	0,000	0,000	150720,920	150721,920	150727,295	150727,662	150727,662	150727,781	0,000	54440,920	54441,920	54447,295	54447,662	54447,662	54447,781	1,865	5,665	0,026	0,059	25,000	0,000	66,780	NaN	1,000	209,000	727,000	960,000	373,333
290,000	90,000	380,000	26,474	0,000	136,925	0,000	7,535	7,819	28,859	0,111	10,435	0,000	0,000	150735,462	150736,463	150738,978	150739,272	150739,272	150739,372	0,000	54455,463	54456,463	54458,978	54459,272	54459,272	54459,372	0,315	7,843	0,008	0,110	25,000	0,000	101,820	NaN	1,000	100,000	756,000	960,000	373,333
80,000	730,000	810,000	20,140	23,288	31,213	9,000	16,730	6,551	26,914	2,056	17,220	170,000	0,000	150744,784	150745,785	150750,294	150750,496	150750,666	150751,231	0,000	54464,784	54465,785	54470,294	54470,496	54470,666	54471,231	1,761	6,287	0,612	1,948	25,000	0,000	7,360	10,182	1,000	245,000	413,000	960,000	373,333
510,000	370,000	880,000	26,511	91,892	71,475	1,000	10,322	12,002	16,985	11,984	10,322	340,000	0,000	150755,810	150756,811	150800,419	150800,932	150801,272	150801,312	0,000	54475,810	54476,811	54480,419	54480,932	54481,272	54481,312	1,969	11,842	1,969	11,824	25,000	0,000	NaN	0,817	1,000	157,000	867,000	960,000	373,333
300,000	640,000	940,000	20,358	28,125	55,055	7,000	26,715	10,826	20,502	8,468	25,672	180,000	0,000	150806,978	150807,978	150811,841	150812,151	150812,331	150812,802	0,000	54486,978	54487,978	54491,841	54492,151	54492,331	54492,802	7,344	8,634	5,857	6,875	25,000	0,000	43,693	43,157	1,000	350,000	763,000	960,000	373,333
30,000	20,000	50,000	25,459	0,000	0,000	0,000	7,987	0,000	28,970	0,000	7,987	0,000	0,000	150817,384	150818,384	150823,337	150823,539	150823,539	150823,560	0,000	54497,384	54498,384	54503,337	54503,539	54503,539	54503,560	0,000	0,000	0,000	0,000	25,000	0,000	NaN	NaN	1,000	55,000	392,000	960,000	373,333
520,000	450,000	970,000	26,568	66,667	62,291	3,000	7,637	8,162	20,943	8,027	7,428	300,000	0,000	150842,770	150843,771	150845,855	150846,381	150846,681	150846,842	0,000	54522,770	54523,771	54525,855	54526,381	54526,681	54526,842	0,788	8,129	0,703	8,003	25,000	0,000	3,457	1,594	1,000	74,000	701,000	960,000	373,333
320,000	400,000	720,000	20,323	90,000	55,782	1,000	24,877	10,750	18,261	10,709	24,905	360,000	0,000	150853,369	150854,369	150858,644	150858,972	150859,332	150859,381	0,000	54533,369	54534,369	54538,644	54538,972	54539,332	54539,381	6,637	8,890	6,639	8,844	25,000	0,000	0,305	1,012	1,000	362,000	779,000	960,000	373,333
280,000	540,000	820,000	28,037	70,370	80,398	2,000	9,906	13,141	15,862	13,108	9,473	380,000	0,000	150905,817	150906,817	150911,201	150911,491	150911,870	150912,041	0,000	54545,817	54546,817	54551,201	54551,491	54551,871	54552,041	2,308	12,937	2,115	12,937	25,000	0,000	1,421	1,842	1,000	113,000	899,000	960,000	373,333
360,000	180,000	540,000	26,095	0,000	76,180	0,000	9,415	9,186	28,970	0,000	10,605	0,000	0,000	150917,783	150918,784	150923,382	150923,753	150923,753	150923,941	0,000	54557,783	54558,784	54563,382	54563,753	54563,753	54563,941	1,218	9,112	0,013	0,000	25,000	0,000	74,820	NaN	1,000	131,000	790,000	960,000	373,333
420,000	80,000	500,000	25,566	0,000	0,931	0,000	7,704	0,044	28,970	0,000	7,125	0,000	0,000	150929,594	150930,594	150934,422	150934,851	150934,851	150934,941	0,000	54569,594	54570,594	54574,423	54574,851	54574,851	54574,941	0,115	0,029	0,005	0,000	25,000	0,000	0,605	NaN	1,000	51,000	375,000	960,000	373,333
350,000	210,000	560,000	27,403	95,238	93,857	0,000	10,292	11,335	17,659	11,310	10,292	200,000	0,000	150939,527	150940,527	150944,049	150944,401	150944,601	150944,620	0,000	54579,527	54580,527	54584,049	54584,401	54584,601	54584,621	1,309	11,264	1,313	11,241	25,000	0,000	NaN	89,927	1,000	86,000	804,000	960,000	373,333
330,000	280,000	610,000	22,807	96,429	35,924	0,000	16,910	5,946	23,021	5,949	16,910	270,000	0,000	150952,212	150953,212	150958,681	150959,022	150959,292	150959,311	0,000	54592,212	54593,212	54598,681	54599,022	54599,292	54599,311	3,235	5,293	3,237	5,295	25,000	0,000	NaN	13,077	1,000	197,000	648,000	960,000	373,333
410,000	430,000	840,000	25,103	48,837	58,736	2,000	15,324	11,959	20,279	8,691	15,763	210,000	0,000	151003,886	151004,886	151010,292	151010,711	151010,921	151011,151	0,000	54603,886	54604,886	54610,292	54610,711	54610,921	54611,151	4,275	11,282	3,543	8,126	25,000	0,000	28,129	35,138	1,000	201,000	843,000	960,000	373,333
280,000	540,000	820,000	29,312	31,481	62,196	6,000	9,995	10,193	23,479	5,491	11,965	170,000	0,000	151018,534	151019,534	151022,823	151023,111	151023,281	151023,661	0,000	54618,534	54619,534	54622,823	54623,111	54623,281	54623,661	1,828	10,014	1,648	5,272	25,000	0,000	35,415	33,462	1,000	0,000	779,000	960,000	373,333
280,000	550,000	830,000	17,937	30,909	62,692	6,000	34,887	14,848	20,271	8,699	32,571	170,000	0,000	151029,650	151030,650	151033,118	151033,402	151033,572	151033,961	0,000	54629,650	54630,650	54633,118	54633,402	54633,572	54633,961	12,126	10,354	7,746	6,184	25,000	0,000	44,559	49,763	1,000	463,000	773,000	960,000	373,333
320,000	50,000	370,000	25,870	0,000	7,208	0,000	8,694	0,315	28,970	0,000	7,930	0,000	0,000	151039,256	151040,256	151043,336	151043,660	151043,660	151043,722	0,000	54639,256	54640,257	54643,336	54643,661	54643,661	54643,722	0,208	0,289	0,018	0,000	25,000	0,000	0,624	NaN	1,000	41,000	412,000	960,000	373,333
350,000	650,000	1000,000	13,451	18,462	41,277	6,000	51,314	7,327	26,119	2,851	46,382	120,000	0,000	151048,333	151049,334	151051,619	151051,972	151052,092	151052,631	0,000	54648,333	54649,334	54651,619	54651,972	54652,092	54652,631	8,833	1,576	4,339	0,376	25,000	0,000	21,138	22,127	1,000	483,000	408,000	960,000	373,333
380,000	670,000	1050,000	2,117	68,657	90,995	4,000	67,270	20,719	8,541	20,429	67,381	460,000	0,000	151058,770	151059,770	151104,300	151104,684	151105,144	151105,361	0,000	54658,770	54659,770	54664,300	54664,684	54665,144	54665,361	25,453	1,491	25,186	1,462	25,000	0,000	0,171	0,063	1,000	1033,000	355,000	960,000	373,333
320,000	1110,000	1430,000	5,835	49,550	87,774	7,000	58,937	22,395	7,093	21,877	59,592	550,000	0,000	151111,845	151112,845	151116,911	151117,241	151117,791	151118,363	0,000	54671,845	54672,845	54676,911	54677,241	54677,791	54678,363	25,060	6,694	24,807	6,106	25,000	0,000	0,886	0,736	1,000	1010,000	172,000	960,000	373,333
380,000	440,000	820,000	5,441	70,455	83,782	2,000	61,567	19,751	12,098	16,872	61,795	310,000	0,000	151122,947	151123,947	151127,414	151127,803	151128,113	151128,251	0,000	54682,947	54683,947	54687,414	54687,803	54688,113	54688,251	22,509	4,670	19,998	4,222	25,000	0,000	38,388	58,428	1,000	953,000	180,000	960,000	373,333
30,000	810,000	840,000	7,436	20,988	62,623	4,000	55,884	21,651	28,952	0,018	12,497	170,000	0,000	151133,216	151134,216	151137,971	151138,172	151138,342	151138,991	0,000	54693,216	54694,216	54697,971	54698,172	54698,342	54698,991	24,669	7,595	0,094	0,000	25,000	0,000	13,266	0,083	1,000	954,000	109,000	960,000	373,333
420,000	530,000	950,000	1,657	22,642	58,360	4,000	65,021	16,920	27,014	1,955	34,064	120,000	0,000	151144,187	151145,187	151148,804	151149,232	151149,352	151149,771	0,000	54704,187	54705,187	54708,804	54709,232	54709,352	54709,771	22,276	1,013	3,868	0,493	25,000	0,000	2,666	15,469	1,000	908,000	401,000	960,000	373,333
380,000	440,000	820,000	5,491	97,727	58,755	0,000	60,129	13,093	15,879	13,091	60,129	430,000	0,000	151154,418	151155,418	151200,991	151201,383	151201,813	151201,831	0,000	54714,418	54715,418	54720,991	54721,383	54721,813	54721,831	17,016	1,267	17,015	1,267	25,000	0,000	NaN	5,437	1,000	778,000	444,000	960,000	373,333
390,000	520,000	910,000	7,797	25,000	59,681	3,000	54,162	12,629	24,648	4,322	41,208	130,000	0,000	151207,287	151208,286	151214,277	151214,672	151214,802	151215,201	0,000	54727,287	54728,287	54734,277	54734,672	54734,802	54735,201	16,062	2,645	6,219	1,728	25,000	0,000	32,367	32,487	1,000	740,000	542,000	960,000	373,333
400,000	520,000	920,000	5,845	57,692	76,922	2,000	59,140	20,526	12,790	16,180	59,813	300,000	0,000	151220,408	151221,408	151226,473	151226,882	151227,182	151227,411	0,000	54740,408	54741,408	54746,474	54746,882	54747,182	54747,411	22,729	5,766	19,169	4,132	25,000	0,000	51,653	54,657	1,000	974,000	166,000	960,000	373,333
390,000	550,000	940,000	7,295	50,909	76,021	2,000	62,847	22,631	13,987	14,983	59,951	280,000	0,000	151231,992	151232,993	151236,509	151236,901	151237,181	151237,462	0,000	54751,992	54752,993	54756,509	54756,901	54757,181	54757,462	24,555	5,655	17,062	4,580	25,000	0,000	53,026	59,788	1,000	1047,000	129,000	960,000	373,333
330,000	530,000	860,000	6,927	26,415	51,500	2,000	56,821	12,322	26,653	2,316	36,186	140,000	0,000	151242,595	151243,595	151248,329	151248,661	151248,801	151249,201	0,000	54762,595	54763,595	54768,329	54768,661	54768,801	54769,201	17,102	1,632	4,837	0,513	25,000	0,000	14,723	15,056	1,000	728,000	456,000	960,000	373,333
390,000	790,000	1180,000	6,709	16,456	77,191	6,000	63,904	24,560	26,914	2,056	30,674	130,000	0,000	151255,751	151256,750	151300,859	151301,250	151301,380	151302,051	0,000	54775,751	54776,751	54780,859	54781,251	54781,381	54782,051	28,942	5,062	3,558	0,864	25,000	0,000	17,996	18,059	1,000	1127,000	203,000	960,000	373,333
360,000	640,000	1000,000	5,315	59,375	71,398	2,000	64,000	22,348	12,278	16,691	64,051	380,000	0,000	151306,645	151307,645	151310,266	151310,632	151311,012	151311,281	0,000	54786,645	54787,645	54790,266	54790,632	54791,012	54791,281	25,738	4,361	20,679	2,815	25,000	0,000	43,890	51,576	1,000	1060,000	213,000	960,000	373,333
810,000	580,000	1390,000	5,363	22,414	70,610	4,000	59,236	18,258	26,412	2,558	34,676	130,000	0,000	151318,018	151319,018	151321,089	151321,902	151322,032	151322,491	0,000	54798,018	54799,018	54801,089	54801,902	54802,032	54802,491	21,489	4,528	3,847	1,140	25,000	0,000	19,645	19,001	1,000	885,000	198,000	960,000	373,333
370,000	630,000	1000,000	3,259	53,968	78,963	3,000	66,359	20,873	11,107	17,863	67,832	340,000	0,000	151327,101	151328,101	151333,111	151333,491	151333,831	151334,131	0,000	54807,101	54808,101	54813,111	54813,491	54813,831	54814,131	24,696	2,533	22,233	1,790	25,000	0,000	53,228	54,938	1,000	1030,000	281,000	960,000	373,333
410,000	490,000	900,000	4,429	97,959	77,187	0,000	61,797	19,874	9,093	19,877	61,797	480,000	0,000	151340,177	151341,177	151343,258	151343,672	151344,152	151344,172	0,000	54820,177	54821,177	54823,258	54823,673	54824,153	54824,172	22,614	4,333	22,618	4,331	25,000	0,000	NaN	8,983	1,000	979,000	217,000	960,000	373,333
310,000	480,000	790,000	4,032	97,917	76,265	0,000	59,978	14,623	14,350	14,620	59,978	470,000	0,000	151350,123	151351,123	151355,571	151355,890	151356,360	151356,381	0,000	54830,123	54831,123	54835,571	54835,890	54836,360	54836,381	18,733	1,969	18,733	1,969	25,000	0,000	NaN	0,339	1,000	818,000	393,000	960,000	373,333
360,000	520,000	880,000	2,982	67,308	75,835	2,000	68,180	20,264	11,549	17,421	69,236	350,000	0,000	151401,206	151402,206	151404,647	151405,011	151405,361	151405,541	0,000	54841,206	54842,206	54844,647	54845,011	54845,361	54845,541	24,864	0,957	22,401	0,560	25,000	0,000	40,292	48,508	1,000	1064,000	394,000	960,000	373,333
30,000	680,000	710,000	4,550	33,824	56,472	4,000	59,204	15,011	27,020	1,950	34,287	230,000	0,000	151410,228	151411,229	151417,191	151417,392	151417,622	151418,081	0,000	54850,228	54851,229	54857,191	54857,392	54857,622	54858,081	20,083	2,419	4,660	0,374	25,000	0,000	13,316	13,901	1,000	805,000	327,000	960,000	373,333
370,000	610,000	980,000	2,861	47,541	70,490	2,000	64,675	20,501	16,343	12,627	63,485	290,000	0,000	151422,662	151423,662	151426,112	151426,493	151426,783	151427,111	0,000	54862,662	54863,662	54866,112	54866,493	54866,783	54867,111	25,256	2,619	17,854	1,149	25,000	0,000	57,683	59,045	1,000	1046,000	319,000	960,000	373,333
340,000	620,000	960,000	3,507	93,548	60,057	2,000	60,655	15,949	13,098	15,872	60,746	580,000	0,000	151433,191	151434,191	151436,759	151437,102	151437,682	151437,731	0,000	54873,191	54874,191	54876,759	54877,102	54877,682	54877,731	20,227	2,420	20,192	2,411	25,000	0,000	0,118	6,224	1,000	852,000	311,000	960,000	373,333
400,000	540,000	940,000	4,266	42,593	80,559	2,000	65,676	21,914	17,413	11,557	59,947	230,000	0,000	151442,311	151443,310	151445,967	151446,372	151446,602	151446,921	0,000	54882,311	54883,311	54885,967	54886,372	54886,602	54886,921	25,735	3,067	15,126	2,443	25,000	0,000	59,939	64,035	1,000	1084,000	286,000	960,000	373,333
330,000	860,000	1190,000	3,742	38,372	55,681	6,000	56,497	16,347	17,305	11,665	54,763	330,000	0,000	151451,545	151452,545	151457,341	151457,682	151458,012	151458,550	0,000	54891,545	54892,545	54897,341	54897,682	54898,012	54898,550	19,578	4,192	15,185	3,080	25,000	0,000	47,227	48,782	1,000	849,000	300,000	960,000	373,333
340,000	460,000	800,000	6,040	91,304	74,150	1,000	59,874	14,190	14,892	14,078	59,968	420,000	0,000	151503,833	151504,833	151508,296	151508,641	151509,061	151509,111	0,000	54903,833	54904,833	54908,297	54908,641	54909,061	54909,111	18,598	1,832	18,555	1,798	25,000	0,000	1,449	2,685	1,000	759,000	449,000	960,000	373,333
360,000	750,000	1110,000	5,162	18,667	76,331	8,000	60,476	15,795	23,832	5,137	51,175	140,000	0,000	151515,214	151516,214	151520,390	151520,752	151520,891	151521,511	0,000	54915,214	54916,214	54920,390	54920,752	54920,892	54921,512	19,576	2,363	8,382	0,831	25,000	0,000	39,646	37,413	1,000	801,000	465,000	960,000	373,333
310,000	480,000	790,000	11,102	45,833	55,383	4,000	50,516	12,037	19,429	9,541	49,350	220,000	0,000	151527,508	151528,509	151533,397	151533,711	151533,931	151534,201	0,000	54927,508	54928,509	54933,397	54933,711	54933,931	54934,201	14,571	3,741	12,292	3,110	25,000	0,000	45,168	47,660	1,000	608,000	552,000	960,000	373,333
370,000	460,000	830,000	11,464	78,261	66,604	2,000	44,737	13,516	15,986	12,984	45,223	360,000	0,000	151539,625	151540,625	151546,295	151546,672	151547,032	151547,141	0,000	54939,625	54940,625	54946,295	54946,672	54947,032	54947,141	12,938	7,006	12,773	6,481	25,000	0,000	3,768	2,923	1,000	616,000	592,000	960,000	373,333
370,000	790,000	1160,000	28,745	20,253	64,525	10,000	11,371	8,972	25,979	2,991	10,789	160,000	0,000	151551,726	151552,727	151558,059	151558,431	151558,591	151559,231	0,000	54951,726	54952,727	54958,059	54958,431	54958,591	54959,231	1,997	8,748	0,715	2,916	25,000	0,000	20,375	20,055	1,000	0,000	724,000	960,000	373,333
410,000	450,000	860,000	18,737	33,333	44,112	2,000	28,407	9,970	25,159	3,811	22,733	150,000	0,000	151603,824	151604,825	151607,744	151608,162	151608,312	151608,621	0,000	54963,825	54964,825	54967,744	54968,162	54968,312	54968,621	7,791	7,594	3,335	3,024	25,000	0,000	25,341	23,056	1,000	364,000	671,000	960,000	373,333
360,000	580,000	940,000	9,142	72,414	50,790	2,000	53,005	11,543	17,599	11,371	53,562	420,000	0,000	151613,215	151614,216	151616,615	151616,981	151617,401	151617,571	0,000	54973,216	54974,216	54976,615	54976,981	54977,401	54977,571	14,766	2,786	14,768	2,497	25,000	0,000	0,740	0,682	1,000	659,000	496,000	960,000	373,333
340,000	570,000	910,000	6,011	78,947	68,017	1,000	57,833	14,978	14,090	14,880	57,703	450,000	0,000	151622,539	151623,538	151626,873	151627,221	151627,671	151627,801	0,000	54982,539	54983,538	54986,873	54987,221	54987,671	54987,801	18,312	3,234	18,197	3,232	25,000	0,000	1,266	0,640	1,000	785,000	496,000	960,000	373,333
340,000	580,000	920,000	5,353	79,310	76,516	2,000	57,875	14,458	14,675	14,294	58,128	460,000	0,000	151633,821	151634,821	151638,609	151638,952	151639,412	151639,541	0,000	54993,821	54994,821	54998,609	54998,952	54999,412	54999,541	18,225	2,841	18,172	2,620	25,000	0,000	0,621	0,495	1,000	770,000	362,000	960,000	373,333
320,000	580,000	900,000	1,436	87,931	75,321	1,000	65,640	17,365	11,719	17,251	65,760	510,000	0,000	151644,127	151645,127	151647,764	151648,090	151648,601	151648,682	0,000	55004,127	55005,127	55007,764	55008,091	55008,601	55008,682	21,940	1,210	21,854	1,181	25,000	0,000	2,393	1,010	1,000	909,000	371,000	960,000	373,333
330,000	830,000	1160,000	1,831	24,096	103,131	7,000	63,044	21,180	16,992	11,978	63,892	200,000	0,000	151656,550	151657,550	151701,076	151701,411	151701,611	151702,251	0,000	55016,550	55017,550	55021,076	55021,411	55021,611	55022,251	25,370	3,630	17,140	1,602	25,000	0,000	82,825	80,297	1,000	1010,000	415,000	960,000	373,333
340,000	490,000	830,000	7,092	48,980	56,659	4,000	57,276	13,423	20,192	8,778	58,194	240,000	0,000	151706,832	151707,832	151712,730	151713,081	151713,321	151713,581	0,000	55026,832	55027,832	55032,730	55033,081	55033,321	55033,581	16,539	2,703	12,741	0,920	25,000	0,000	37,781	44,666	1,000	715,000	433,000	960,000	373,333
30,000	570,000	600,000	6,495	15,789	71,490	4,000	55,687	17,230	28,881	0,089	16,190	90,000	0,000	151719,733	151720,733	151724,990	151725,191	151725,281	151725,772	0,000	55039,733	55040,733	55044,990	55045,191	55045,281	55045,772	20,729	5,287	0,374	0,044	25,000	0,000	4,404	0,585	1,000	820,000	557,000	960,000	373,333
470,000	450,000	920,000	2,013	97,778	83,772	0,000	64,375	17,399	11,574	17,396	64,375	440,000	0,000	151731,842	151732,842	151735,653	151736,132	151736,572	151736,592	0,000	55051,842	55052,842	55055,653	55056,132	55056,572	55056,592	21,151	1,858	21,150	1,856	25,000	0,000	NaN	5,447	1,000	934,000	440,000	960,000	373,333
320,000	500,000	820,000	2,138	98,000	76,675	0,000	64,571	17,381	11,590	17,380	64,571	490,000	0,000	151743,271	151744,271	151749,084	151749,411	151749,901	151749,921	0,000	55063,271	55064,271	55069,084	55069,411	55069,901	55069,921	21,800	1,688	21,801	1,688	25,000	0,000	NaN	6,193	1,000	917,000	436,000	960,000	373,333
430,000	490,000	920,000	1,627	53,061	74,591	2,000	64,725	18,155	16,696	12,274	60,770	260,000	0,000	151756,571	151757,572	151803,557	151803,991	151804,250	151804,491	0,000	55076,571	55077,572	55083,557	55083,991	55084,251	55084,491	22,022	2,110	16,540	1,351	25,000	0,000	67,657	70,483	1,000	934,000	425,000	960,000	373,333
