700,000	200,000	900,000	24,639	65,000	13,026	1,000	11,053	0,768	28,881	0,088	10,570	130,000	0,000	143622,438	143623,438	143627,902	143628,609	143628,739	143628,820	0,000	52582,438	52583,438	52587,902	52588,610	52588,740	52588,820	0,462	0,697	0,155	0,069	25,000	0,000	4,943	0,242	1,000	84,000	384,000	960,000	373,333
330,000	480,000	810,000	27,569	66,667	60,296	2,000	14,407	9,078	20,323	8,647	13,984	320,000	0,000	143634,941	143635,941	143641,191	143641,530	143641,850	143642,021	0,000	52594,941	52595,941	52601,191	52601,530	52601,850	52602,021	2,533	8,720	2,248	8,361	25,000	0,000	0,752	1,147	1,000	48,000	14,000	960,000	373,333
570,000	390,000	960,000	27,492	56,410	81,403	3,000	9,672	7,084	22,307	6,663	8,986	220,000	0,000	143648,668	143649,668	143651,818	143652,390	143652,610	143652,790	0,000	52608,668	52609,668	52611,818	52612,390	52612,610	52612,790	0,958	7,004	0,680	6,627	25,000	0,000	0,718	1,602	1,000	40,000	43,000	960,000	373,333
240,000	140,000	380,000	25,776	92,857	80,512	0,000	18,369	6,352	22,634	6,336	18,369	130,000	0,000	143657,342	143658,343	143700,601	143700,850	143700,980	143701,001	0,000	52617,342	52618,343	52620,601	52620,850	52620,980	52621,001	1,708	6,107	1,669	6,134	25,000	0,000	NaN	60,352	1,000	123,000	0,000	960,000	373,333
250,000	480,000	730,000	26,348	41,667	67,181	4,000	12,206	6,740	23,287	5,683	12,711	200,000	0,000	143706,214	143707,214	143710,692	143710,950	143711,150	143711,440	0,000	52626,214	52627,214	52630,692	52630,950	52631,150	52631,440	0,422	6,863	0,367	5,792	25,000	0,000	7,763	5,936	1,000	94,000	16,000	960,000	373,333
280,000	150,000	430,000	26,317	93,333	95,971	0,000	10,189	8,544	20,435	8,535	10,189	140,000	0,000	143715,988	143716,987	143720,147	143720,430	143720,570	143720,590	0,000	52635,988	52636,988	52640,147	52640,430	52640,570	52640,590	0,340	8,665	0,340	8,657	25,000	0,000	NaN	70,759	1,000	102,000	0,000	960,000	373,333
260,000	140,000	400,000	27,144	92,857	111,145	0,000	11,388	6,863	22,091	6,879	11,388	130,000	0,000	143725,883	143726,884	143731,907	143732,170	143732,300	143732,320	0,000	52645,883	52646,884	52651,907	52652,170	52652,300	52652,320	0,622	6,891	0,621	6,908	25,000	0,000	NaN	58,461	1,000	70,000	0,000	960,000	373,333
290,000	180,000	470,000	27,144	94,444	91,938	0,000	16,060	7,699	21,296	7,674	16,060	170,000	0,000	143737,105	143738,104	143743,546	143743,840	143744,010	143744,030	0,000	52657,105	52658,105	52663,546	52663,840	52664,010	52664,030	2,005	7,422	1,974	7,427	25,000	0,000	NaN	21,172	1,000	70,000	0,000	960,000	373,333
260,000	190,000	450,000	26,394	94,737	87,708	0,000	11,290	8,006	20,950	8,020	11,290	180,000	0,000	143748,596	143749,596	143755,025	143755,291	143755,471	143755,489	0,000	52668,596	52669,596	52675,025	52675,291	52675,471	52675,490	0,819	7,974	0,820	7,988	25,000	0,000	NaN	23,433	1,000	99,000	0,000	960,000	373,333
250,000	200,000	450,000	27,144	95,000	99,294	0,000	10,808	8,760	20,219	8,751	10,808	190,000	0,000	143800,282	143801,282	143804,994	143805,250	143805,440	143805,460	0,000	52680,282	52681,282	52684,994	52685,250	52685,440	52685,460	1,055	8,714	1,036	8,718	25,000	0,000	NaN	21,827	1,000	70,000	0,000	960,000	373,333
80,000	310,000	390,000	27,144	96,774	64,806	0,000	12,381	9,414	19,562	9,408	12,381	300,000	0,000	143810,260	143811,260	143814,064	143814,264	143814,564	143814,579	0,000	52690,260	52691,260	52694,064	52694,264	52694,564	52694,579	1,914	9,227	1,887	9,241	25,000	0,000	NaN	34,899	1,000	70,000	0,000	960,000	373,333
240,000	170,000	410,000	27,144	94,118	110,236	0,000	11,310	7,671	21,306	7,664	11,310	160,000	0,000	143819,137	143820,137	143822,962	143823,210	143823,370	143823,390	0,000	52699,137	52700,137	52702,962	52703,210	52703,370	52703,390	1,106	7,617	1,088	7,623	25,000	0,000	NaN	29,486	1,000	70,000	0,000	960,000	373,333
280,000	170,000	450,000	27,144	94,118	89,472	0,000	13,882	6,566	22,411	6,558	13,882	160,000	0,000	143827,947	143828,947	143832,615	143832,901	143833,061	143833,080	0,000	52707,947	52708,947	52712,615	52712,901	52713,061	52713,080	0,866	6,577	0,856	6,579	25,000	0,000	NaN	16,762	1,000	70,000	0,000	960,000	373,333
280,000	370,000	650,000	27,144	37,838	60,501	2,000	10,976	9,305	25,942	3,028	11,921	140,000	0,000	143839,627	143840,627	143845,685	143845,970	143846,110	143846,351	0,000	52719,627	52720,627	52725,685	52725,970	52726,110	52726,351	1,157	9,281	0,188	3,072	25,000	0,000	25,628	21,663	1,000	70,000	0,000	960,000	373,333
290,000	270,000	560,000	27,144	96,296	100,325	0,000	8,301	9,291	19,673	9,297	8,301	260,000	0,000	143850,940	143851,940	143854,518	143854,810	143855,070	143855,090	0,000	52730,940	52731,940	52734,518	52734,810	52735,070	52735,090	1,151	9,226	1,141	9,238	25,000	0,000	NaN	38,842	1,000	70,000	0,000	960,000	373,333
60,000	1370,000	1430,000	26,808	26,277	77,989	12,000	11,671	11,162	19,811	9,159	8,791	360,000	0,000	143901,271	143902,271	143906,295	143906,496	143906,856	143907,871	0,000	52741,271	52742,271	52746,295	52746,496	52746,856	52747,871	1,996	10,991	0,639	9,201	25,000	0,000	6,126	0,272	1,000	63,000	51,000	960,000	373,333
260,000	230,000	490,000	26,885	78,261	92,430	1,000	27,615	7,727	21,591	7,379	25,661	180,000	0,000	143913,782	143914,782	143919,536	143919,799	143919,979	143920,041	0,000	52753,782	52754,782	52759,536	52759,800	52759,980	52760,041	4,029	6,469	3,442	6,465	25,000	0,000	6,316	3,460	1,000	80,000	0,000	960,000	373,333
290,000	320,000	610,000	27,144	96,875	68,268	0,000	10,784	9,460	19,523	9,447	10,784	310,000	0,000	143924,598	143925,598	143928,930	143929,231	143929,541	143929,560	0,000	52764,598	52765,598	52768,930	52769,231	52769,541	52769,560	1,107	9,450	1,090	9,449	25,000	0,000	NaN	2,179	1,000	70,000	0,000	960,000	373,333
270,000	180,000	450,000	27,144	94,444	89,452	0,000	15,372	7,736	21,251	7,719	15,372	170,000	0,000	143934,329	143935,329	143940,068	143940,340	143940,510	143940,531	0,000	52774,329	52775,330	52780,068	52780,340	52780,510	52780,531	1,561	7,624	1,526	7,639	25,000	0,000	NaN	39,656	1,000	70,000	0,000	960,000	373,333
110,000	360,000	470,000	27,144	58,333	72,459	2,000	10,233	9,963	24,772	4,197	9,868	210,000	0,000	143946,643	143947,643	143950,844	143951,044	143951,254	143951,410	0,000	52786,643	52787,643	52790,844	52791,044	52791,254	52791,410	1,714	9,816	0,599	4,166	25,000	0,000	5,866	28,934	1,000	70,000	0,000	960,000	373,333
410,000	200,000	610,000	27,144	95,000	92,854	0,000	15,208	8,549	20,438	8,532	15,208	190,000	0,000	143958,454	143959,454	144002,556	144002,970	144003,160	144003,181	0,000	52798,454	52799,454	52802,556	52802,970	52803,160	52803,181	2,498	8,193	2,463	8,210	25,000	0,000	NaN	31,616	1,000	70,000	0,000	960,000	373,333
300,000	90,000	390,000	26,158	0,000	104,787	0,000	11,457	6,320	28,787	0,183	18,975	0,000	0,000	144010,246	144011,247	144015,014	144015,322	144015,322	144015,420	0,000	52810,246	52811,247	52815,014	52815,322	52815,322	52815,420	0,113	6,466	0,005	0,187	25,000	0,000	85,834	NaN	1,000	106,000	5,000	960,000	373,333
270,000	210,000	480,000	27,144	85,714	119,876	1,000	30,164	9,829	20,269	8,700	30,164	180,000	0,000	144020,289	144021,288	144026,125	144026,399	144026,579	144026,620	0,000	52820,289	52821,289	52826,125	52826,399	52826,579	52826,620	6,746	7,594	5,269	7,592	25,000	0,000	NaN	6,859	1,000	70,000	0,000	960,000	373,333
310,000	130,000	440,000	27,144	92,308	84,130	0,000	12,193	4,527	24,436	4,534	12,193	120,000	0,000	144031,997	144032,997	144035,468	144035,781	144035,901	144035,920	0,000	52831,997	52832,997	52835,468	52835,781	52835,901	52835,920	0,171	4,634	0,171	4,642	25,000	0,000	NaN	42,354	1,000	70,000	0,000	960,000	373,333
250,000	170,000	420,000	27,144	88,235	115,920	1,000	16,957	9,084	20,016	8,954	16,957	150,000	0,000	144041,681	144042,681	144047,824	144048,081	144048,231	144048,260	0,000	52841,681	52842,681	52847,825	52848,081	52848,231	52848,260	2,655	8,635	2,435	8,643	25,000	0,000	NaN	20,085	1,000	70,000	0,000	960,000	373,333
280,000	110,000	390,000	25,725	0,000	96,290	0,000	12,369	6,917	28,876	0,094	17,385	0,000	0,000	144054,478	144055,480	144100,201	144100,490	144100,490	144100,610	0,000	52854,478	52855,480	52860,202	52860,490	52860,490	52860,610	0,656	6,940	0,013	0,095	25,000	0,000	90,724	NaN	1,000	125,000	0,000	960,000	373,333
280,000	330,000	610,000	25,750	96,970	72,629	0,000	11,416	8,809	20,161	8,809	11,416	320,000	0,000	144105,169	144106,170	144111,603	144111,891	144112,211	144112,231	0,000	52865,169	52866,170	52871,603	52871,891	52872,211	52872,231	1,014	8,775	1,013	8,775	25,000	0,000	NaN	0,640	1,000	124,000	0,000	960,000	373,333
310,000	180,000	490,000	27,144	94,444	95,281	0,000	10,028	8,770	20,186	8,783	10,028	170,000	0,000	144117,905	144118,905	144121,663	144121,979	144122,149	144122,171	0,000	52877,905	52878,905	52881,663	52881,980	52882,150	52882,171	1,334	8,676	1,320	8,700	25,000	0,000	NaN	47,968	1,000	70,000	0,000	960,000	373,333
240,000	110,000	350,000	27,144	90,909	56,222	0,000	19,861	4,043	24,956	4,014	19,861	100,000	0,000	144127,197	144128,197	144132,278	144132,519	144132,620	144132,640	0,000	52887,197	52888,197	52892,278	52892,520	52892,620	52892,640	1,622	3,691	1,587	3,706	25,000	0,000	NaN	47,936	1,000	70,000	0,000	960,000	373,333
270,000	330,000	600,000	24,422	72,727	83,836	2,000	21,875	7,170	21,938	7,032	21,258	240,000	0,000	144138,315	144139,315	144144,377	144144,650	144144,890	144144,990	0,000	52898,315	52899,315	52904,377	52904,650	52904,890	52904,990	2,312	6,806	2,042	6,805	25,000	0,000	1,112	0,075	1,000	176,000	0,000	960,000	373,333
300,000	120,000	420,000	23,462	91,667	74,690	0,000	23,088	6,085	22,894	6,076	23,088	110,000	0,000	144150,129	144151,129	144155,109	144155,410	144155,520	144155,540	0,000	52910,129	52911,129	52915,109	52915,410	52915,520	52915,540	2,619	5,406	2,592	5,450	25,000	0,000	NaN	69,412	1,000	214,000	0,000	960,000	373,333
260,000	60,000	320,000	25,376	0,000	90,649	0,000	12,484	4,398	28,835	0,135	14,585	0,000	0,000	144201,848	144202,848	144208,289	144208,550	144208,550	144208,620	0,000	52921,848	52922,848	52928,289	52928,550	52928,550	52928,620	0,531	4,338	0,023	0,134	25,000	0,000	23,535	NaN	1,000	120,000	44,000	960,000	373,333
290,000	150,000	440,000	26,756	93,333	127,646	0,000	8,262	9,437	19,532	9,438	8,262	140,000	0,000	144213,184	144214,185	144216,886	144217,180	144217,320	144217,341	0,000	52933,184	52934,185	52936,886	52937,180	52937,320	52937,341	0,628	9,454	0,629	9,457	25,000	0,000	NaN	103,459	1,000	85,000	0,000	960,000	373,333
290,000	60,000	350,000	25,615	0,000	64,757	0,000	21,425	3,134	28,869	0,101	28,510	0,000	0,000	144221,890	144222,890	144225,818	144226,111	144226,111	144226,181	0,000	52941,890	52942,890	52945,818	52946,111	52946,111	52946,181	0,384	3,166	0,018	0,103	25,000	0,000	17,043	NaN	1,000	124,000	12,000	960,000	373,333
240,000	320,000	560,000	21,720	34,375	88,206	4,000	43,711	8,577	25,339	3,631	41,225	110,000	0,000	144230,742	144231,742	144235,982	144236,230	144236,340	144236,560	0,000	52950,742	52951,742	52955,982	52956,230	52956,340	52956,560	8,660	4,503	5,179	1,804	25,000	0,000	3,216	8,093	1,000	261,000	45,000	960,000	373,333
290,000	90,000	380,000	26,199	0,000	143,797	0,000	7,715	8,043	28,883	0,087	9,887	0,000	0,000	144241,744	144242,745	144248,649	144248,940	144248,940	144249,040	0,000	52961,744	52962,745	52968,649	52968,940	52968,940	52969,040	0,663	8,024	0,008	0,087	25,000	0,000	102,773	NaN	1,000	89,000	43,000	960,000	373,333
370,000	160,000	530,000	27,144	93,750	100,129	0,000	8,450	7,015	21,952	7,018	8,450	150,000	0,000	144255,320	144256,320	144301,430	144301,811	144301,961	144301,980	0,000	52975,320	52976,320	52981,430	52981,811	52981,961	52981,980	0,659	6,998	0,656	7,003	25,000	0,000	NaN	28,466	1,000	70,000	0,000	960,000	373,333
320,000	70,000	390,000	26,546	0,000	72,123	0,000	11,133	3,667	28,875	0,094	13,938	0,000	0,000	144306,551	144307,552	144310,897	144311,220	144311,220	144311,300	0,000	52986,551	52987,552	52990,897	52991,220	52991,220	52991,300	0,264	3,675	0,008	0,095	25,000	0,000	30,778	NaN	1,000	86,000	17,000	960,000	373,333
250,000	180,000	430,000	27,144	94,444	95,499	0,000	9,634	9,175	19,782	9,188	9,634	170,000	0,000	144315,869	144316,869	144320,934	144321,190	144321,361	144321,382	0,000	52995,869	52996,869	53000,934	53001,191	53001,361	53001,382	1,132	9,116	1,119	9,137	25,000	0,000	NaN	51,801	1,000	70,000	0,000	960,000	373,333
310,000	150,000	460,000	27,144	93,333	109,718	0,000	8,531	7,465	21,502	7,468	8,531	140,000	0,000	144327,817	144328,817	144331,293	144331,610	144331,750	144331,769	0,000	53007,817	53008,817	53011,293	53011,610	53011,750	53011,770	1,027	7,394	1,006	7,408	25,000	0,000	NaN	49,076	1,000	70,000	0,000	960,000	373,333
330,000	130,000	460,000	27,144	92,308	64,186	0,000	10,657	4,088	24,934	4,035	10,657	120,000	0,000	144336,336	144337,336	144339,383	144339,720	144339,840	144339,861	0,000	53016,336	53017,336	53019,384	53019,720	53019,840	53019,861	0,265	4,124	0,259	4,075	25,000	0,000	NaN	19,296	1,000	70,000	0,000	960,000	373,333
280,000	470,000	750,000	20,277	31,915	104,693	3,000	26,072	10,891	22,964	6,006	15,776	150,000	0,000	144344,429	144345,429	144351,377	144351,660	144351,810	144352,140	0,000	53024,429	53025,429	53031,377	53031,660	53031,810	53032,140	6,699	9,122	1,735	5,885	25,000	0,000	6,061	2,743	1,000	271,000	161,000	960,000	373,333
290,000	130,000	420,000	27,144	92,308	95,898	0,000	11,697	6,274	22,677	6,292	11,697	120,000	0,000	144357,511	144358,512	144404,306	144404,601	144404,721	144404,740	0,000	53037,512	53038,512	53044,306	53044,601	53044,721	53044,740	0,902	6,226	0,889	6,255	25,000	0,000	NaN	68,130	1,000	70,000	0,000	960,000	373,333
270,000	620,000	890,000	23,483	27,419	122,380	5,000	21,038	9,902	20,881	8,088	13,351	170,000	0,000	144409,300	144410,300	144415,517	144415,790	144415,960	144416,420	0,000	53049,300	53050,300	53055,517	53055,790	53055,960	53056,420	4,798	8,866	1,730	7,969	25,000	0,000	0,904	1,870	1,000	198,000	32,000	960,000	373,333
280,000	160,000	440,000	27,638	93,750	91,062	0,000	6,897	8,103	20,887	8,083	6,897	150,000	0,000	144421,691	144422,691	144424,888	144425,170	144425,320	144425,340	0,000	53061,691	53062,691	53064,888	53065,170	53065,320	53065,340	0,425	8,126	0,426	8,106	25,000	0,000	NaN	66,636	1,000	51,000	0,000	960,000	373,333
270,000	150,000	420,000	27,144	93,333	103,979	0,000	11,675	7,594	21,368	7,601	11,675	140,000	0,000	144430,666	144431,666	144435,374	144435,649	144435,789	144435,810	0,000	53070,666	53071,666	53075,374	53075,649	53075,789	53075,810	0,764	7,626	0,749	7,645	25,000	0,000	NaN	48,236	1,000	70,000	0,000	960,000	373,333
270,000	530,000	800,000	19,966	30,189	110,958	3,000	30,700	12,269	22,348	6,622	19,929	160,000	0,000	144440,368	144441,367	144444,795	144445,070	144445,230	144445,609	0,000	53080,368	53081,368	53084,795	53085,070	53085,230	53085,610	8,976	9,488	2,511	6,390	25,000	0,000	2,744	1,444	1,000	304,000	102,000	960,000	373,333
310,000	160,000	470,000	27,144	93,750	109,308	0,000	8,130	7,721	21,243	7,727	8,130	150,000	0,000	144451,840	144452,840	144458,158	144458,470	144458,620	144458,640	0,000	53091,840	53092,841	53098,158	53098,470	53098,620	53098,640	0,696	7,710	0,685	7,722	25,000	0,000	NaN	36,519	1,000	70,000	0,000	960,000	373,333
300,000	100,000	400,000	27,674	0,000	99,590	0,000	5,689	6,451	28,893	0,077	9,221	0,000	0,000	144504,380	144505,380	144508,968	144509,272	144509,272	144509,381	0,000	53104,380	53105,380	53108,968	53109,272	53109,272	53109,381	0,116	6,478	0,003	0,077	25,000	0,000	89,237	NaN	1,000	44,000	14,000	960,000	373,333
320,000	140,000	460,000	27,144	92,857	109,978	0,000	7,201	6,978	21,982	6,988	7,201	130,000	0,000	144517,093	144518,094	144522,666	144522,991	144523,121	144523,140	0,000	53117,093	53118,094	53122,666	53122,991	53123,121	53123,140	0,694	6,945	0,685	6,959	25,000	0,000	NaN	52,895	1,000	70,000	0,000	960,000	373,333
270,000	550,000	820,000	21,284	30,909	110,038	6,000	24,119	11,382	21,246	7,724	9,931	170,000	0,000	144530,424	144531,424	144535,441	144535,720	144535,890	144536,280	0,000	53130,424	53131,424	53135,441	53135,720	53135,890	53136,280	6,864	9,705	0,938	7,717	25,000	0,000	0,088	0,391	1,000	268,000	67,000	960,000	373,333
270,000	160,000	430,000	27,144	93,750	103,061	0,000	8,011	7,627	21,331	7,639	8,011	150,000	0,000	144540,838	144541,838	144547,297	144547,570	144547,720	144547,740	0,000	53140,838	53141,838	53147,297	53147,570	53147,720	53147,740	0,787	7,600	0,777	7,617	25,000	0,000	NaN	37,471	1,000	70,000	0,000	960,000	373,333
300,000	200,000	500,000	27,144	95,000	80,095	0,000	6,421	8,206	20,751	8,219	6,421	190,000	0,000	144556,611	144557,611	144600,590	144600,901	144601,091	144601,111	0,000	53156,611	53157,611	53160,591	53160,901	53161,091	53161,111	0,658	8,188	0,657	8,203	25,000	0,000	NaN	36,534	1,000	70,000	0,000	960,000	373,333
260,000	160,000	420,000	27,144	93,750	99,795	0,000	7,819	7,302	21,656	7,314	7,819	150,000	0,000	144605,758	144606,758	144609,995	144610,260	144610,410	144610,430	0,000	53165,758	53166,758	53169,995	53170,260	53170,410	53170,430	0,487	7,314	0,485	7,328	25,000	0,000	NaN	41,141	1,000	70,000	0,000	960,000	373,333
280,000	190,000	470,000	27,144	94,737	102,285	0,000	9,904	8,431	20,550	8,419	9,904	180,000	0,000	144617,148	144618,148	144620,456	144620,740	144620,920	144620,940	0,000	53177,148	53178,148	53180,456	53180,740	53180,920	53180,941	1,930	8,239	1,893	8,246	25,000	0,000	NaN	26,566	1,000	70,000	0,000	960,000	373,333
240,000	1190,000	1430,000	22,952	14,286	131,826	14,000	25,418	11,652	20,837	8,133	8,719	170,000	0,000	144625,506	144626,507	144629,689	144629,930	144630,100	144631,130	0,000	53185,506	53186,507	53189,689	53189,930	53190,100	53191,130	7,681	9,700	1,251	8,036	25,000	0,000	5,392	10,209	1,000	216,000	38,000	960,000	373,333
260,000	370,000	630,000	27,144	94,595	64,040	1,000	10,784	9,668	19,352	9,618	10,784	350,000	0,000	144635,693	144636,694	144639,070	144639,341	144639,691	144639,721	0,000	53195,693	53196,694	53199,070	53199,341	53199,691	53199,721	2,046	9,450	1,922	9,449	25,000	0,000	NaN	1,140	1,000	70,000	0,000	960,000	373,333
240,000	190,000	430,000	27,144	94,737	100,180	0,000	8,963	7,607	21,364	7,606	8,963	180,000	0,000	144644,298	144645,298	144648,786	144649,030	144649,210	144649,230	0,000	53204,298	53205,298	53208,786	53209,030	53209,210	53209,230	0,519	7,646	0,513	7,649	25,000	0,000	NaN	15,734	1,000	70,000	0,000	960,000	373,333
270,000	190,000	460,000	27,144	94,737	94,696	0,000	10,960	8,812	20,146	8,824	10,960	180,000	0,000	144654,269	144655,269	144659,098	144659,370	144659,549	144659,570	0,000	53214,269	53215,269	53219,098	53219,370	53219,550	53219,570	0,762	8,860	0,762	8,873	25,000	0,000	NaN	36,043	1,000	70,000	0,000	960,000	373,333
290,000	200,000	490,000	27,144	95,000	88,555	0,000	9,898	7,823	21,148	7,822	9,898	190,000	0,000	144704,300	144705,300	144711,232	144711,530	144711,720	144711,740	0,000	53224,300	53225,300	53231,232	53231,530	53231,720	53231,740	0,952	7,787	0,941	7,794	25,000	0,000	NaN	25,169	1,000	70,000	0,000	960,000	373,333
