500,000	930,000	1430,000	25,155	13,978	20,187	10,000	10,927	9,458	26,587	2,383	10,569	130,000	0,000	133828,752	133829,754	133834,719	133835,223	133835,353	133836,163	0,000	49108,752	49109,754	49114,719	49115,223	49115,353	49116,163	2,202	9,209	0,790	2,286	25,000	0,000	15,437	17,681	1,000	142,000	735,000	960,000	373,333
900,000	530,000	1430,000	22,269	43,396	11,765	5,000	18,665	4,354	27,327	1,643	16,688	230,000	0,000	133850,773	133851,774	133856,784	133857,694	133857,924	133858,233	0,000	49130,773	49131,774	49136,784	49137,694	49137,924	49138,233	2,345	3,864	1,058	1,423	25,000	0,000	1,330	6,427	1,000	192,000	566,000	960,000	373,333
680,000	750,000	1430,000	20,219	25,333	15,954	10,000	24,593	8,556	27,119	1,851	20,706	190,000	0,000	133902,775	133903,775	133906,466	133907,153	133907,343	133907,913	0,000	49142,775	49143,775	49146,466	49147,153	49147,343	49147,913	5,351	7,151	1,716	1,424	25,000	0,000	0,565	10,684	1,000	292,000	639,000	960,000	373,333
540,000	860,000	1400,000	25,152	17,442	28,036	6,000	11,694	11,345	28,025	0,945	8,997	150,000	0,000	133914,886	133915,887	133918,384	133918,934	133919,084	133919,805	0,000	49154,886	49155,887	49158,384	49158,934	49159,084	49159,805	2,729	11,029	0,064	0,949	25,000	0,000	4,733	5,064	1,000	160,000	773,000	960,000	373,333
440,000	420,000	860,000	23,994	30,952	42,370	4,000	14,732	10,294	25,847	3,123	12,416	130,000	0,000	133924,329	133925,330	133929,315	133929,763	133929,893	133930,194	0,000	49164,329	49165,330	49169,315	49169,763	49169,893	49170,194	3,349	9,788	0,937	3,016	25,000	0,000	17,784	25,047	1,000	196,000	753,000	960,000	373,333
720,000	270,000	990,000	26,088	40,741	60,996	2,000	7,166	6,921	26,400	2,570	7,906	110,000	0,000	133934,719	133935,719	133939,654	133940,383	133940,493	133940,663	0,000	49174,719	49175,719	49179,654	49180,383	49180,493	49180,663	0,619	6,892	0,271	2,551	25,000	0,000	9,090	23,088	1,000	86,000	684,000	960,000	373,333
720,000	310,000	1030,000	24,425	48,387	39,295	2,000	12,187	6,729	25,483	3,487	11,356	150,000	0,000	133948,092	133949,092	133954,843	133955,574	133955,724	133955,893	0,000	49188,092	49189,092	49194,843	49195,574	49195,724	49195,893	1,494	6,561	0,598	3,448	25,000	0,000	9,838	25,079	1,000	146,000	676,000	960,000	373,333
530,000	360,000	890,000	23,018	97,222	46,831	0,000	17,097	8,270	20,701	8,269	17,097	350,000	0,000	134002,597	134003,597	134005,824	134006,364	134006,714	134006,733	0,000	49202,597	49203,597	49205,824	49206,364	49206,714	49206,733	3,264	7,678	3,263	7,678	25,000	0,000	NaN	0,467	1,000	221,000	725,000	960,000	373,333
440,000	450,000	890,000	25,393	31,111	36,688	4,000	10,863	10,284	25,128	3,842	10,604	140,000	0,000	134011,276	134012,277	134017,233	134017,684	134017,824	134018,143	0,000	49211,276	49212,277	49217,233	49217,684	49217,824	49218,143	1,715	10,127	0,439	3,815	25,000	0,000	22,558	29,150	1,000	147,000	766,000	960,000	373,333
550,000	500,000	1050,000	22,328	30,000	35,793	4,000	19,755	12,320	26,006	2,964	18,163	150,000	0,000	134022,990	134023,990	134028,349	134028,903	134029,053	134029,415	0,000	49222,990	49223,990	49228,349	49228,903	49229,053	49229,415	5,374	11,235	1,820	2,603	25,000	0,000	1,208	18,868	1,000	283,000	788,000	960,000	373,333
610,000	70,000	680,000	26,413	0,000	21,966	0,000	9,338	1,067	28,970	0,000	7,531	0,000	0,000	134033,937	134034,938	134037,672	134038,285	134038,285	134038,364	0,000	49233,937	49234,938	49237,672	49238,285	49238,285	49238,364	0,557	0,996	0,015	0,000	25,000	0,000	6,168	NaN	1,000	24,000	450,000	960,000	373,333
630,000	440,000	1070,000	23,508	43,182	44,332	2,000	16,579	11,278	23,361	5,608	16,231	190,000	0,000	134044,030	134045,030	134047,849	134048,483	134048,673	134048,933	0,000	49244,031	49245,030	49247,849	49248,483	49248,673	49248,933	3,714	10,632	1,978	5,267	25,000	0,000	29,351	31,108	1,000	232,000	784,000	960,000	373,333
530,000	350,000	880,000	22,445	97,143	63,630	0,000	18,950	11,121	17,852	11,118	18,950	340,000	0,000	134055,783	134056,784	134100,649	134101,184	134101,524	134101,543	0,000	49255,783	49256,784	49260,649	49261,184	49261,524	49261,543	4,443	10,210	4,444	10,207	25,000	0,000	NaN	1,716	1,000	263,000	762,000	960,000	373,333
650,000	310,000	960,000	24,122	41,935	62,674	2,000	14,681	9,579	23,172	5,798	16,122	130,000	0,000	134107,821	134108,821	134112,306	134112,964	134113,094	134113,284	0,000	49267,821	49268,822	49272,306	49272,964	49273,094	49273,284	2,504	9,197	2,045	5,441	25,000	0,000	46,682	43,796	1,000	198,000	767,000	960,000	373,333
640,000	280,000	920,000	20,540	96,429	44,894	0,000	23,621	7,572	21,394	7,576	23,621	270,000	0,000	134118,474	134119,474	134124,520	134125,163	134125,433	134125,454	0,000	49278,474	49279,474	49284,520	49285,163	49285,433	49285,454	4,591	6,365	4,596	6,369	25,000	0,000	NaN	16,418	1,000	300,000	686,000	960,000	373,333
490,000	470,000	960,000	15,196	70,213	65,800	4,000	39,050	11,093	18,111	10,858	38,585	330,000	0,000	134133,822	134134,822	134139,334	134139,835	134140,165	134140,314	0,000	49293,822	49294,822	49299,334	49299,835	49300,165	49300,314	9,789	6,750	9,478	6,726	25,000	0,000	0,993	2,128	1,000	484,000	629,000	960,000	373,333
490,000	340,000	830,000	10,809	97,059	49,207	0,000	53,559	9,128	19,842	9,128	53,559	330,000	0,000	134145,520	134146,521	134149,207	134149,704	134150,034	134150,054	0,000	49305,520	49306,521	49309,207	49309,704	49310,034	49310,054	12,376	1,606	12,378	1,604	25,000	0,000	NaN	8,625	1,000	579,000	323,000	960,000	373,333
500,000	370,000	870,000	6,103	97,297	74,526	0,000	61,198	12,388	16,582	12,388	61,198	360,000	0,000	134154,572	134155,573	134201,345	134201,854	134202,214	134202,233	0,000	49314,572	49315,573	49321,345	49321,854	49322,214	49322,233	16,595	0,591	16,596	0,588	25,000	0,000	NaN	0,951	1,000	743,000	374,000	960,000	373,333
530,000	430,000	960,000	2,345	97,674	85,313	0,000	64,105	17,237	11,734	17,235	64,105	420,000	0,000	134206,760	134207,760	134213,252	134213,783	134214,203	134214,224	0,000	49326,760	49327,760	49333,252	49333,783	49334,203	49334,224	20,786	1,914	20,785	1,914	25,000	0,000	NaN	3,262	1,000	925,000	449,000	960,000	373,333
530,000	350,000	880,000	5,105	97,143	77,020	0,000	63,289	12,760	16,213	12,757	63,289	340,000	0,000	134220,577	134221,578	134225,296	134225,833	134226,173	134226,194	0,000	49340,577	49341,578	49345,296	49345,833	49346,173	49346,194	15,724	0,619	15,724	0,619	25,000	0,000	NaN	1,202	1,000	779,000	387,000	960,000	373,333
630,000	410,000	1040,000	3,893	97,561	107,776	0,000	67,361	20,818	8,154	20,816	67,361	400,000	0,000	134230,730	134231,729	134237,293	134237,934	134238,334	134238,353	0,000	49350,730	49351,729	49357,293	49357,934	49358,334	49358,353	24,443	2,419	24,443	2,419	25,000	0,000	NaN	5,102	1,000	1035,000	257,000	960,000	373,333
590,000	380,000	970,000	1,667	97,368	89,588	0,000	65,916	16,660	12,314	16,656	65,916	370,000	0,000	134243,450	134244,449	134246,994	134247,595	134247,965	134247,984	0,000	49363,450	49364,449	49366,994	49367,595	49367,965	49367,984	20,816	0,816	20,816	0,816	25,000	0,000	NaN	1,778	1,000	901,000	379,000	960,000	373,333
550,000	540,000	1090,000	0,550	68,519	93,520	4,000	66,209	17,292	11,734	17,236	66,165	370,000	0,000	134252,509	134253,510	134256,652	134257,203	134257,573	134257,754	0,000	49372,509	49373,510	49376,653	49377,203	49377,573	49377,754	20,842	0,956	20,786	0,956	25,000	0,000	1,311	0,700	1,000	946,000	387,000	960,000	373,333
480,000	430,000	910,000	3,927	97,674	122,600	0,000	67,231	22,957	6,015	22,955	67,231	420,000	0,000	134302,747	134303,747	134307,355	134307,844	134308,264	134308,284	0,000	49382,748	49383,747	49387,355	49387,844	49388,264	49388,284	27,004	2,758	27,005	2,758	25,000	0,000	NaN	3,841	1,000	1099,000	360,000	960,000	373,333
510,000	450,000	960,000	3,178	53,333	85,681	4,000	64,534	15,661	15,377	13,592	65,877	240,000	0,000	134312,811	134313,812	134315,936	134316,454	134316,694	134316,913	0,000	49392,811	49393,812	49395,936	49396,454	49396,694	49396,913	20,167	0,928	18,568	0,713	25,000	0,000	73,036	72,636	1,000	847,000	375,000	960,000	373,333
570,000	410,000	980,000	1,566	97,561	92,240	0,000	65,035	18,120	10,851	18,119	65,035	400,000	0,000	134322,552	134323,552	134328,175	134328,754	134329,154	134329,173	0,000	49402,553	49403,552	49408,175	49408,754	49409,154	49409,173	22,108	1,660	22,109	1,661	25,000	0,000	NaN	1,361	1,000	959,000	429,000	960,000	373,333
550,000	410,000	960,000	4,065	97,561	114,997	0,000	68,692	22,222	6,750	22,220	68,692	400,000	0,000	134335,522	134336,522	134340,880	134341,435	134341,835	134341,854	0,000	49415,522	49416,522	49420,880	49421,435	49421,835	49421,854	26,497	1,660	26,497	1,661	25,000	0,000	NaN	2,938	1,000	1095,000	425,000	960,000	373,333
600,000	440,000	1040,000	2,450	52,273	92,066	2,000	66,456	20,358	14,761	14,208	66,377	230,000	0,000	134346,910	134347,909	134352,494	134353,103	134353,333	134353,553	0,000	49426,910	49427,909	49432,494	49433,103	49433,333	49433,553	24,443	2,222	18,712	1,987	25,000	0,000	79,221	77,423	1,000	1007,000	300,000	960,000	373,333
500,000	570,000	1070,000	1,889	78,947	100,148	2,000	64,244	17,552	11,467	17,503	64,197	450,000	0,000	134358,290	134359,289	134404,098	134404,603	134405,054	134405,184	0,000	49438,290	49439,289	49444,098	49444,604	49445,054	49445,184	23,908	1,209	23,857	1,209	25,000	0,000	1,173	1,028	1,000	921,000	428,000	960,000	373,333
570,000	340,000	910,000	1,904	97,059	102,229	0,000	64,373	16,273	12,698	16,272	64,373	330,000	0,000	134411,658	134412,658	134417,702	134418,273	134418,603	134418,625	0,000	49451,658	49452,659	49457,702	49458,273	49458,603	49458,625	19,637	1,154	19,640	1,155	25,000	0,000	NaN	5,368	1,000	914,000	423,000	960,000	373,333
530,000	370,000	900,000	2,366	97,297	106,116	0,000	64,784	17,133	11,837	17,132	64,784	360,000	0,000	134423,494	134424,495	134430,228	134430,763	134431,123	134431,143	0,000	49463,494	49464,495	49470,228	49470,763	49471,123	49471,143	21,548	1,490	21,550	1,490	25,000	0,000	NaN	3,112	1,000	905,000	437,000	960,000	373,333
540,000	360,000	900,000	6,546	63,889	63,110	2,000	58,153	13,049	17,807	11,163	59,820	230,000	0,000	134439,951	134440,952	134446,049	134446,595	134446,825	134446,964	0,000	49479,951	49480,952	49486,049	49486,595	49486,825	49486,964	16,878	1,943	15,664	1,120	25,000	0,000	53,320	60,425	1,000	737,000	440,000	960,000	373,333
500,000	420,000	920,000	4,619	88,095	118,928	2,000	63,130	20,932	8,049	20,921	63,173	370,000	0,000	134451,989	134452,990	134457,234	134457,744	134458,114	134458,173	0,000	49491,989	49492,990	49497,234	49497,744	49498,114	49498,173	24,693	3,573	24,702	3,542	25,000	0,000	0,364	3,241	1,000	1018,000	527,000	960,000	373,333
550,000	400,000	950,000	2,952	55,000	79,855	2,000	62,731	16,264	16,505	12,465	64,221	220,000	0,000	134503,559	134504,560	134508,057	134508,616	134508,835	134509,025	0,000	49503,559	49504,560	49508,057	49508,616	49508,836	49509,025	19,971	2,053	16,893	1,128	25,000	0,000	71,793	70,995	1,000	865,000	418,000	960,000	373,333
520,000	490,000	1010,000	3,560	87,755	119,851	2,000	65,822	21,468	7,509	21,461	65,867	430,000	0,000	134513,555	134514,555	134516,602	134517,123	134517,553	134517,623	0,000	49513,555	49514,555	49516,602	49517,123	49517,553	49517,624	26,044	2,673	26,047	2,644	25,000	0,000	0,985	1,584	1,000	1038,000	473,000	960,000	373,333
470,000	390,000	860,000	5,923	97,436	134,269	0,000	66,492	24,217	4,753	24,217	66,492	380,000	0,000	134522,151	134523,152	134528,626	134529,103	134529,483	134529,504	0,000	49522,151	49523,152	49528,626	49529,103	49529,483	49529,504	27,738	3,603	27,741	3,602	25,000	0,000	NaN	3,701	1,000	1129,000	499,000	960,000	373,333
420,000	460,000	880,000	3,509	76,087	123,979	3,000	63,320	19,915	9,082	19,888	63,297	350,000	0,000	134534,057	134535,058	134538,564	134538,993	134539,343	134539,463	0,000	49534,057	49535,058	49538,564	49538,993	49539,343	49539,463	23,430	3,319	23,409	3,320	25,000	0,000	4,916	3,585	1,000	965,000	498,000	960,000	373,333
510,000	410,000	920,000	4,946	97,561	121,235	0,000	64,165	22,114	6,857	22,113	64,165	400,000	0,000	134544,872	134545,872	134548,029	134548,545	134548,945	134548,963	0,000	49544,872	49545,872	49548,029	49548,545	49548,945	49548,963	25,118	4,051	25,118	4,050	25,000	0,000	NaN	0,533	1,000	1060,000	518,000	960,000	373,333
540,000	420,000	960,000	5,475	95,238	135,834	1,000	68,427	24,762	4,217	24,753	68,427	400,000	0,000	134553,791	134554,792	134558,004	134558,554	134558,954	134558,983	0,000	49553,791	49554,792	49558,004	49558,554	49558,954	49558,983	28,551	3,009	28,552	3,010	25,000	0,000	NaN	2,108	1,000	1151,000	411,000	960,000	373,333
660,000	560,000	1220,000	7,336	89,286	134,323	2,000	70,069	25,903	3,093	25,877	70,054	500,000	0,000	134608,236	134609,236	134611,987	134612,655	134613,155	134613,223	0,000	49568,236	49569,236	49571,987	49572,655	49573,155	49573,223	30,855	1,969	30,826	1,969	25,000	0,000	0,143	0,108	1,000	1217,000	418,000	960,000	373,333
490,000	420,000	910,000	2,083	64,286	99,919	2,000	65,358	21,120	10,594	18,376	67,272	270,000	0,000	134617,761	134618,761	134620,868	134621,364	134621,634	134621,794	0,000	49577,761	49578,761	49580,868	49581,364	49581,634	49581,794	25,374	2,840	23,304	2,170	25,000	0,000	79,142	83,705	1,000	1028,000	344,000	960,000	373,333
290,000	20,000	310,000	25,090	0,000	0,000	0,000	9,991	0,000	28,970	0,000	9,991	0,000	0,000	134626,367	134627,367	134629,673	134629,973	134629,973	134630,003	0,000	49586,368	49587,367	49589,673	49589,973	49589,973	49590,003	0,000	0,000	0,000	0,000	25,000	0,000	NaN	NaN	1,000	68,000	386,000	960,000	373,333
200,000	20,000	220,000	25,518	0,000	0,000	0,000	7,604	0,000	28,970	0,000	7,604	0,000	0,000	134636,517	134637,518	134641,484	134641,693	134641,693	134641,723	0,000	49596,517	49597,518	49601,484	49601,693	49601,693	49601,723	0,000	0,000	0,000	0,000	25,000	0,000	NaN	NaN	1,000	53,000	397,000	960,000	373,333
600,000	440,000	1040,000	4,179	97,727	102,329	0,000	67,384	22,043	6,929	22,041	67,384	430,000	0,000	134648,416	134649,417	134653,736	134654,344	134654,774	134654,794	0,000	49608,416	49609,417	49613,736	49614,344	49614,774	49614,794	25,285	2,672	25,284	2,672	25,000	0,000	NaN	1,963	1,000	1083,000	290,000	960,000	373,333
590,000	540,000	1130,000	2,583	79,630	120,338	2,000	67,286	20,992	8,176	20,794	67,834	430,000	0,000	134700,614	134701,614	134703,764	134704,365	134704,795	134704,914	0,000	49620,615	49621,614	49623,764	49624,365	49624,795	49624,914	24,019	2,199	23,962	1,883	25,000	0,000	1,674	0,172	1,000	1049,000	396,000	960,000	373,333
540,000	390,000	930,000	6,672	97,436	73,759	0,000	55,969	13,365	15,606	13,363	55,969	380,000	0,000	134711,204	134712,204	134717,223	134717,775	134718,155	134718,173	0,000	49631,204	49632,204	49637,224	49637,775	49638,155	49638,173	17,214	2,505	17,213	2,505	25,000	0,000	NaN	4,430	1,000	769,000	514,000	960,000	373,333
110,000	210,000	320,000	25,244	47,619	0,816	2,000	9,118	0,116	28,911	0,059	9,024	100,000	0,000	134724,429	134725,430	134730,697	134730,898	134730,998	134731,113	0,000	49644,429	49645,430	49650,697	49650,898	49650,998	49651,113	0,028	0,113	0,003	0,059	25,000	0,000	0,118	0,417	1,000	63,000	405,000	960,000	373,333
540,000	340,000	880,000	2,640	97,059	113,001	0,000	66,640	18,499	10,474	18,496	66,640	330,000	0,000	134737,217	134738,218	134740,890	134741,434	134741,764	134741,783	0,000	49657,217	49658,218	49660,890	49661,434	49661,764	49661,783	20,308	1,942	20,307	1,940	25,000	0,000	NaN	2,113	1,000	1024,000	442,000	960,000	373,333
580,000	400,000	980,000	3,556	95,000	110,348	1,000	66,916	20,659	8,323	20,647	66,916	380,000	0,000	134749,090	134750,090	134753,772	134754,355	134754,735	134754,763	0,000	49669,091	49670,090	49673,772	49674,355	49674,735	49674,763	23,883	2,476	23,882	2,473	25,000	0,000	NaN	0,584	1,000	1014,000	259,000	960,000	373,333
530,000	390,000	920,000	5,045	97,436	80,269	0,000	59,206	15,884	13,089	15,881	59,206	380,000	0,000	134803,341	134804,341	134807,968	134808,505	134808,885	134808,903	0,000	49683,341	49684,341	49687,968	49688,505	49688,885	49688,903	19,044	3,095	19,044	3,094	25,000	0,000	NaN	3,330	1,000	834,000	501,000	960,000	373,333
530,000	360,000	890,000	3,527	50,000	85,170	2,000	60,122	16,308	17,000	11,970	59,924	180,000	0,000	134816,448	134817,448	134823,301	134823,833	134824,013	134824,203	0,000	49696,448	49697,448	49703,301	49703,833	49704,013	49704,203	20,394	2,165	16,516	1,649	25,000	0,000	76,208	76,431	1,000	914,000	490,000	960,000	373,333
520,000	410,000	930,000	2,873	43,902	82,359	2,000	62,443	17,107	18,203	10,767	60,601	180,000	0,000	134831,008	134832,007	134836,412	134836,943	134837,123	134837,363	0,000	49711,008	49712,007	49716,412	49716,943	49717,123	49717,363	20,279	2,674	14,248	1,846	25,000	0,000	72,695	73,545	1,000	891,000	298,000	960,000	373,333
520,000	490,000	1010,000	5,071	97,959	113,645	0,000	69,488	23,654	5,317	23,652	69,488	480,000	0,000	134843,685	134844,686	134846,925	134847,454	134847,934	134847,954	0,000	49723,685	49724,686	49726,925	49727,454	49727,934	49727,954	28,184	1,830	28,184	1,830	25,000	0,000	NaN	1,978	1,000	1140,000	363,000	960,000	373,333
310,000	20,000	330,000	24,159	0,000	0,000	0,000	15,190	0,000	28,970	0,000	15,190	0,000	0,000	134855,027	134856,027	134859,550	134859,864	134859,864	134859,895	0,000	49735,027	49736,027	49739,550	49739,864	49739,864	49739,895	0,000	0,000	0,000	0,000	25,000	0,000	NaN	NaN	1,000	101,000	372,000	960,000	373,333
470,000	360,000	830,000	5,245	94,444	142,117	1,000	69,682	22,617	6,373	22,597	69,682	340,000	0,000	134905,823	134906,822	134908,952	134909,424	134909,764	134909,793	0,000	49745,823	49746,822	49748,952	49749,424	49749,764	49749,793	24,954	1,857	24,952	1,858	25,000	0,000	NaN	2,956	1,000	1138,000	429,000	960,000	373,333
480,000	370,000	850,000	1,286	97,297	96,429	0,000	64,957	17,801	11,172	17,798	64,957	360,000	0,000	134916,776	134917,777	134920,927	134921,414	134921,774	134921,794	0,000	49756,776	49757,777	49760,927	49761,414	49761,774	49761,794	22,140	1,491	22,141	1,491	25,000	0,000	NaN	2,410	1,000	928,000	406,000	960,000	373,333
460,000	380,000	840,000	2,410	97,368	101,132	0,000	64,367	18,164	10,809	18,161	64,367	370,000	0,000	134927,986	134928,987	134934,927	134935,393	134935,763	134935,785	0,000	49767,986	49768,987	49774,927	49775,393	49775,763	49775,785	21,999	2,165	22,001	2,166	25,000	0,000	NaN	1,083	1,000	926,000	452,000	960,000	373,333
60,000	20,000	80,000	25,438	0,000	0,000	0,000	8,070	0,000	28,970	0,000	8,070	0,000	0,000	134942,320	134943,320	134947,771	134947,972	134947,972	134947,994	0,000	49782,320	49783,320	49787,771	49787,972	49787,972	49787,994	0,000	0,000	0,000	0,000	25,000	0,000	NaN	NaN	1,000	56,000	402,000	960,000	373,333
150,000	20,000	170,000	24,581	0,000	0,000	0,000	12,916	0,000	28,970	0,000	12,916	0,000	0,000	134955,705	134956,706	135000,477	135000,678	135000,678	135000,705	0,000	49795,705	49796,706	49800,477	49800,678	49800,678	49800,705	0,000	0,000	0,000	0,000	25,000	0,000	NaN	NaN	1,000	86,000	375,000	960,000	373,333
670,000	560,000	1230,000	5,063	69,643	138,383	5,000	71,271	23,353	5,658	23,312	71,300	390,000	0,000	135007,295	135008,295	135013,855	135014,535	135014,925	135015,104	0,000	49807,295	49808,295	49813,855	49814,535	49814,925	49815,104	27,986	0,675	27,961	0,645	25,000	0,000	3,211	2,760	1,000	1140,000	372,000	960,000	373,333
