360,000	910,000	1270,000	26,414	27,473	34,375	8,000	10,580	4,862	25,089	3,881	9,335	250,000	0,000	140408,058	140409,058	140414,841	140415,211	140415,461	140416,132	0,000	50648,058	50649,058	50654,841	50655,211	50655,461	50656,132	1,183	4,725	0,681	3,820	25,000	0,000	1,965	1,115	1,000	27,000	266,000	960,000	373,333
350,000	460,000	810,000	24,952	50,000	13,567	5,000	13,878	2,466	27,085	1,885	13,804	230,000	0,000	140424,201	140425,201	140428,171	140428,531	140428,761	140429,001	0,000	50664,201	50665,201	50668,171	50668,531	50668,761	50669,001	0,452	2,423	0,303	1,864	25,000	0,000	0,711	0,923	1,000	81,000	253,000	960,000	373,333
330,000	300,000	630,000	20,410	43,333	10,985	2,000	30,124	2,080	27,960	1,009	25,002	130,000	0,000	140435,605	140436,605	140438,687	140439,021	140439,151	140439,331	0,000	50675,605	50676,605	50678,687	50679,021	50679,151	50679,331	3,659	0,647	2,103	0,307	25,000	0,000	2,924	8,021	1,000	235,000	405,000	960,000	373,333
310,000	1020,000	1330,000	19,402	16,667	29,105	14,000	48,211	7,840	25,861	3,109	36,753	170,000	0,000	140444,059	140445,059	140450,049	140450,362	140450,532	140451,390	0,000	50684,059	50685,059	50690,049	50690,362	50690,532	50691,390	10,775	2,166	5,153	1,139	25,000	0,000	15,430	16,173	1,000	272,000	323,000	960,000	373,333
300,000	1040,000	1340,000	11,689	16,346	19,603	10,000	52,447	8,980	27,779	1,191	25,142	170,000	0,000	140457,899	140458,899	140502,551	140502,861	140503,031	140503,910	0,000	50697,899	50698,899	50702,551	50702,861	50703,031	50703,911	12,687	1,772	2,261	0,510	25,000	0,000	8,590	8,859	1,000	545,000	351,000	960,000	373,333
380,000	860,000	1240,000	4,003	39,535	28,322	8,000	61,272	16,032	22,435	6,535	54,085	340,000	0,000	140509,779	140510,780	140514,041	140514,431	140514,771	140515,301	0,000	50709,779	50710,780	50714,041	50714,431	50714,771	50715,301	19,523	2,875	10,014	0,505	25,000	0,000	14,822	20,441	1,000	821,000	404,000	960,000	373,333
280,000	720,000	1000,000	2,301	62,500	59,245	2,000	64,608	19,418	12,773	16,196	63,515	450,000	0,000	140521,192	140522,193	140525,287	140525,571	140526,022	140526,301	0,000	50721,192	50722,193	50725,287	50725,572	50726,022	50726,301	24,161	2,559	20,993	2,255	25,000	0,000	27,034	28,644	1,000	965,000	455,000	960,000	373,333
260,000	770,000	1030,000	4,345	63,636	79,428	5,000	59,695	15,579	13,660	15,310	59,713	490,000	0,000	140530,871	140531,871	140537,525	140537,792	140538,282	140538,571	0,000	50730,871	50731,871	50737,525	50737,792	50738,282	50738,571	19,437	2,899	19,213	2,757	25,000	0,000	1,438	2,936	1,000	809,000	406,000	960,000	373,333
360,000	670,000	1030,000	10,011	32,836	74,384	4,000	68,418	28,301	19,913	9,057	62,103	220,000	0,000	140544,250	140545,250	140547,989	140548,351	140548,571	140549,031	0,000	50744,250	50745,250	50747,989	50748,351	50748,571	50749,031	31,839	4,277	12,822	0,750	25,000	0,000	55,302	54,172	1,000	1305,000	461,000	960,000	373,333
280,000	430,000	710,000	5,200	97,674	62,551	0,000	61,220	14,303	14,662	14,308	61,220	420,000	0,000	140554,919	140555,919	140600,051	140600,342	140600,762	140600,781	0,000	50754,919	50755,919	50760,051	50760,342	50760,762	50760,781	18,091	1,888	18,097	1,889	25,000	0,000	NaN	18,710	1,000	781,000	327,000	960,000	373,333
340,000	860,000	1200,000	1,210	19,767	55,542	6,000	62,713	19,061	26,816	2,154	34,365	170,000	0,000	140605,352	140606,352	140608,868	140609,212	140609,382	140610,081	0,000	50765,352	50766,352	50768,868	50769,212	50769,382	50770,081	23,120	3,375	3,678	0,737	25,000	0,000	13,090	12,507	1,000	946,000	414,000	960,000	373,333
330,000	670,000	1000,000	0,946	47,761	60,381	4,000	66,197	17,968	17,097	11,873	64,475	320,000	0,000	140615,335	140616,335	140618,867	140619,201	140619,521	140619,881	0,000	50775,335	50776,335	50778,867	50779,201	50779,521	50779,881	22,557	1,380	16,671	0,607	25,000	0,000	48,144	50,358	1,000	932,000	392,000	960,000	373,333
30,000	820,000	850,000	5,180	26,829	78,731	7,000	59,481	17,271	23,876	5,093	46,791	220,000	0,000	140626,151	140627,151	140632,965	140633,167	140633,387	140633,991	0,000	50786,151	50787,151	50792,965	50793,167	50793,387	50793,991	21,967	4,444	9,283	1,770	25,000	0,000	26,899	24,405	1,000	793,000	451,000	960,000	373,333
320,000	730,000	1050,000	3,812	46,575	68,075	4,000	61,246	18,269	13,925	15,045	60,743	340,000	0,000	140639,479	140640,479	140643,806	140644,131	140644,471	140644,871	0,000	50799,479	50800,479	50803,806	50804,131	50804,471	50804,871	21,433	3,909	18,469	3,181	25,000	0,000	38,863	39,169	1,000	891,000	490,000	960,000	373,333
270,000	360,000	630,000	4,137	97,222	91,639	0,000	59,987	16,160	12,816	16,154	59,987	350,000	0,000	140649,901	140650,900	140654,922	140655,201	140655,552	140655,571	0,000	50809,901	50810,901	50814,922	50815,202	50815,552	50815,571	19,397	3,157	19,404	3,154	25,000	0,000	NaN	22,942	1,000	850,000	471,000	960,000	373,333
240,000	710,000	950,000	4,733	38,028	48,442	4,000	59,945	16,678	22,853	6,116	48,390	270,000	0,000	140701,705	140702,706	140705,902	140706,151	140706,421	140706,871	0,000	50821,705	50822,706	50825,902	50826,151	50826,421	50826,871	20,504	3,772	9,285	1,933	25,000	0,000	28,026	32,560	1,000	814,000	457,000	960,000	373,333
30,000	810,000	840,000	5,699	69,136	70,273	2,000	67,207	24,508	10,857	18,113	66,827	560,000	0,000	140711,437	140712,437	140716,726	140716,926	140717,486	140717,741	0,000	50831,437	50832,437	50836,726	50836,926	50837,486	50837,741	29,619	3,409	23,624	2,398	25,000	0,000	41,304	54,704	1,000	1145,000	456,000	960,000	373,333
410,000	590,000	1000,000	8,122	77,966	59,687	3,000	57,865	11,590	17,460	11,510	57,788	460,000	0,000	140722,308	140723,308	140726,084	140726,501	140726,961	140727,100	0,000	50842,308	50843,308	50846,084	50846,501	50846,961	50847,100	14,964	1,772	14,898	1,761	25,000	0,000	0,701	0,349	1,000	675,000	420,000	960,000	373,333
350,000	650,000	1000,000	9,169	32,308	32,896	7,000	54,454	12,024	24,915	4,055	42,138	210,000	0,000	140734,145	140735,146	140739,547	140739,902	140740,111	140740,562	0,000	50854,145	50855,146	50859,547	50859,902	50860,112	50860,562	15,301	2,981	6,644	1,054	25,000	0,000	25,613	25,267	1,000	646,000	461,000	960,000	373,333
350,000	930,000	1280,000	3,372	34,409	37,651	6,000	61,947	19,482	22,465	6,505	49,025	320,000	0,000	140746,666	140747,667	140752,383	140752,742	140753,062	140753,681	0,000	50866,666	50867,667	50872,383	50872,742	50873,062	50873,681	23,429	4,134	9,784	1,633	25,000	0,000	28,317	27,742	1,000	925,000	488,000	960,000	373,333
270,000	960,000	1230,000	7,516	26,042	41,601	8,000	57,216	13,988	24,344	4,626	44,473	250,000	0,000	140758,877	140759,877	140805,229	140805,500	140805,750	140806,472	0,000	50878,877	50879,877	50885,229	50885,501	50885,751	50886,472	16,876	3,544	6,872	1,429	25,000	0,000	20,521	20,116	1,000	704,000	450,000	960,000	373,333
410,000	930,000	1340,000	6,738	13,978	30,657	10,000	56,898	15,197	27,580	1,390	30,465	130,000	0,000	140813,993	140814,992	140818,258	140818,671	140818,801	140819,611	0,000	50893,993	50894,993	50898,258	50898,671	50898,801	50899,611	18,395	4,108	2,908	0,411	25,000	0,000	10,859	10,903	1,000	747,000	483,000	960,000	373,333
350,000	630,000	980,000	9,635	22,222	43,501	4,000	51,948	11,876	26,202	2,767	35,545	140,000	0,000	140825,999	140827,000	140832,041	140832,401	140832,541	140833,042	0,000	50905,999	50907,000	50912,041	50912,401	50912,541	50913,042	14,345	3,572	4,095	1,051	25,000	0,000	21,006	20,623	1,000	645,000	508,000	960,000	373,333
340,000	940,000	1280,000	4,407	13,830	43,147	12,000	61,022	20,026	27,142	1,828	30,577	130,000	0,000	140838,209	140839,209	140843,892	140844,243	140844,373	140845,191	0,000	50918,209	50919,209	50923,892	50924,243	50924,373	50925,191	23,742	4,558	3,061	0,732	25,000	0,000	9,541	14,415	1,000	957,000	530,000	960,000	373,333
530,000	900,000	1430,000	2,020	26,667	39,849	9,000	64,050	18,664	25,248	3,722	46,911	240,000	0,000	140849,807	140850,807	140853,375	140853,912	140854,152	140854,821	0,000	50929,807	50930,807	50933,375	50933,912	50934,152	50934,821	22,651	2,813	6,654	0,296	25,000	0,000	18,589	17,695	1,000	939,000	442,000	960,000	373,333
360,000	870,000	1230,000	3,755	55,172	48,881	6,000	64,882	22,108	14,769	14,201	61,524	480,000	0,000	140859,391	140900,392	140903,313	140903,681	140904,161	140904,562	0,000	50939,391	50940,392	50943,313	50943,681	50944,161	50944,562	26,972	3,517	18,984	2,430	25,000	0,000	41,028	43,573	1,000	1058,000	464,000	960,000	373,333
390,000	830,000	1220,000	6,366	53,012	51,756	4,000	62,873	24,214	14,135	14,835	59,126	440,000	0,000	140909,141	140910,140	140912,520	140912,911	140913,351	140913,751	0,000	50949,141	50950,140	50952,520	50952,912	50953,352	50953,751	28,183	5,653	19,005	3,532	25,000	0,000	35,783	38,157	1,000	1095,000	555,000	960,000	373,333
310,000	940,000	1250,000	7,254	39,362	59,357	6,000	67,356	25,127	16,953	12,017	62,056	370,000	0,000	140918,717	140919,717	140925,378	140925,691	140926,061	140926,641	0,000	50958,717	50959,717	50965,378	50965,691	50966,061	50966,641	29,674	3,431	16,576	1,605	25,000	0,000	53,905	55,207	1,000	1189,000	492,000	960,000	373,333
280,000	1020,000	1300,000	6,243	28,431	36,060	7,000	58,792	14,027	23,727	5,243	49,012	290,000	0,000	140931,214	140932,214	140935,383	140935,671	140935,961	140936,701	0,000	50971,214	50972,214	50975,384	50975,671	50975,961	50976,701	17,186	2,756	7,949	0,978	25,000	0,000	22,514	21,696	1,000	754,000	456,000	960,000	373,333
320,000	800,000	1120,000	4,966	32,500	50,810	6,000	59,056	17,835	22,394	6,576	50,307	260,000	0,000	140942,839	140943,839	140947,387	140947,711	140947,971	140948,521	0,000	50982,839	50983,839	50987,387	50987,711	50987,971	50988,521	20,589	4,781	9,337	1,773	25,000	0,000	33,184	31,407	1,000	847,000	509,000	960,000	373,333
270,000	670,000	940,000	7,709	40,299	91,910	3,000	66,819	27,015	12,451	16,519	64,234	270,000	0,000	140953,096	140954,096	140958,013	140958,292	140958,562	140958,971	0,000	50993,096	50994,096	50998,013	50998,292	50998,562	50998,971	30,408	5,204	20,227	3,838	25,000	0,000	74,637	75,839	1,000	1197,000	511,000	960,000	373,333
290,000	500,000	790,000	5,377	98,000	117,206	0,000	63,831	23,683	5,289	23,681	63,831	490,000	0,000	141003,763	141004,763	141008,638	141008,932	141009,422	141009,441	0,000	51003,763	51004,763	51008,638	51008,933	51009,423	51009,441	26,920	5,010	26,923	5,008	25,000	0,000	NaN	3,675	1,000	1085,000	518,000	960,000	373,333
250,000	440,000	690,000	2,916	97,727	115,925	0,000	61,221	19,838	9,134	19,836	61,221	430,000	0,000	141014,904	141015,904	141018,241	141018,501	141018,931	141018,952	0,000	51014,904	51015,904	51018,241	51018,501	51018,931	51018,952	23,403	4,219	23,404	4,219	25,000	0,000	NaN	2,097	1,000	960,000	477,000	960,000	373,333
240,000	410,000	650,000	5,790	46,341	66,226	2,000	60,215	14,303	20,937	8,033	55,525	190,000	0,000	141023,527	141024,527	141026,895	141027,141	141027,331	141027,562	0,000	51023,527	51024,527	51026,895	51027,141	51027,331	51027,562	17,635	2,447	11,226	1,864	25,000	0,000	49,244	53,147	1,000	758,000	413,000	960,000	373,333
320,000	670,000	990,000	2,765	55,224	103,337	7,000	64,080	19,821	9,525	19,445	64,653	370,000	0,000	141035,836	141036,836	141041,764	141042,090	141042,460	141042,771	0,000	51035,836	51036,836	51041,764	51042,090	51042,460	51042,771	20,560	4,698	20,382	4,410	25,000	0,000	7,108	6,099	1,000	942,000	470,000	960,000	373,333
270,000	1160,000	1430,000	6,454	24,138	49,232	11,000	57,012	13,980	18,149	10,821	56,594	280,000	0,000	141049,444	141050,444	141053,621	141053,902	141054,182	141055,070	0,000	51049,444	51050,444	51053,621	51053,902	51054,182	51055,070	17,010	3,206	14,241	2,313	25,000	0,000	34,833	33,368	1,000	770,000	502,000	960,000	373,333
110,000	440,000	550,000	3,576	97,727	91,344	0,000	61,620	18,522	10,447	18,523	61,620	430,000	0,000	141102,087	141103,087	141105,268	141105,469	141105,899	141105,911	0,000	51062,087	51063,087	51065,268	51065,469	51065,899	51065,911	23,206	3,523	23,209	3,523	25,000	0,000	NaN	5,372	1,000	885,000	476,000	960,000	373,333
240,000	760,000	1000,000	5,513	51,316	99,125	6,000	58,522	19,948	10,166	18,804	58,006	390,000	0,000	141111,405	141112,407	141116,536	141116,781	141117,171	141117,551	0,000	51071,405	51072,407	51076,536	51076,781	51077,171	51077,551	22,248	5,625	21,127	5,265	25,000	0,000	0,969	1,268	1,000	948,000	569,000	960,000	373,333
240,000	680,000	920,000	7,806	72,059	51,703	2,000	55,764	12,907	17,106	11,863	55,393	490,000	0,000	141127,272	141128,272	141131,666	141131,910	141132,400	141132,601	0,000	51087,272	51088,272	51091,666	51091,911	51092,401	51092,601	16,284	2,869	15,322	2,592	25,000	0,000	5,407	7,056	1,000	696,000	459,000	960,000	373,333
250,000	830,000	1080,000	4,924	33,735	82,619	7,000	61,390	20,608	12,789	16,181	61,713	280,000	0,000	141138,789	141139,789	141144,940	141145,190	141145,470	141146,032	0,000	51098,789	51099,789	51104,940	51105,191	51105,471	51106,032	23,683	4,612	19,833	3,530	25,000	0,000	69,566	69,674	1,000	999,000	544,000	960,000	373,333
240,000	670,000	910,000	5,876	71,642	69,550	4,000	59,795	14,094	15,036	13,934	59,800	480,000	0,000	141152,216	141153,217	141159,198	141159,441	141159,921	141200,121	0,000	51112,216	51113,217	51119,198	51119,441	51119,921	51120,121	17,242	2,475	17,102	2,396	25,000	0,000	1,298	0,833	1,000	761,000	437,000	960,000	373,333
280,000	650,000	930,000	3,137	66,154	51,600	3,000	62,581	16,897	14,012	14,957	62,662	430,000	0,000	141205,457	141206,459	141210,882	141211,171	141211,601	141211,832	0,000	51125,458	51126,459	51130,882	51131,171	51131,601	51131,832	21,854	2,167	20,121	1,985	25,000	0,000	32,099	31,861	1,000	879,000	450,000	960,000	373,333
320,000	530,000	850,000	1,288	52,830	65,044	2,000	65,340	19,116	15,807	13,162	64,762	280,000	0,000	141217,605	141218,605	141221,778	141222,101	141222,381	141222,641	0,000	51137,605	51138,605	51141,778	51142,101	51142,381	51142,641	22,954	2,284	17,394	1,273	25,000	0,000	56,992	60,094	1,000	979,000	415,000	960,000	373,333
310,000	940,000	1250,000	6,539	34,043	103,722	8,000	67,855	24,471	9,863	19,107	68,722	320,000	0,000	141230,209	141231,211	141234,131	141234,451	141234,771	141235,401	0,000	51150,209	51151,211	51154,131	51154,451	51154,771	51155,401	28,969	2,813	24,152	1,608	25,000	0,000	48,205	48,013	1,000	1171,000	471,000	960,000	373,333
270,000	490,000	760,000	2,864	97,959	100,141	0,000	63,527	19,598	9,372	19,597	63,527	480,000	0,000	141244,950	141245,950	141251,149	141251,422	141251,902	141251,922	0,000	51164,950	51165,950	51171,149	51171,422	51171,902	51171,922	22,810	3,296	22,811	3,295	25,000	0,000	NaN	4,911	1,000	992,000	470,000	960,000	373,333
250,000	680,000	930,000	3,825	63,235	58,017	4,000	61,703	15,753	14,378	14,592	61,435	430,000	0,000	141259,484	141300,484	141303,620	141303,871	141304,301	141304,561	0,000	51179,484	51180,484	51183,620	51183,871	51184,301	51184,561	19,210	2,252	18,129	1,977	25,000	0,000	5,873	6,869	1,000	847,000	449,000	960,000	373,333
320,000	740,000	1060,000	5,391	48,649	73,776	4,000	63,709	22,983	10,196	18,774	64,703	360,000	0,000	141310,176	141311,176	141316,660	141316,981	141317,341	141317,731	0,000	51190,176	51191,176	51196,660	51196,981	51197,341	51197,731	26,889	4,500	23,293	3,661	25,000	0,000	61,058	59,545	1,000	1081,000	522,000	960,000	373,333
240,000	440,000	680,000	3,966	97,727	85,732	0,000	59,995	15,746	13,224	15,746	59,995	430,000	0,000	141323,641	141324,641	141328,810	141329,051	141329,481	141329,502	0,000	51203,641	51204,641	51208,810	51209,051	51209,481	51209,502	19,547	2,762	19,548	2,759	25,000	0,000	NaN	6,969	1,000	852,000	464,000	960,000	373,333
300,000	920,000	1220,000	3,058	39,130	54,079	7,000	62,026	18,979	14,790	14,180	61,108	360,000	0,000	141334,517	141335,516	141340,211	141340,521	141340,881	141341,451	0,000	51214,517	51215,517	51220,211	51220,521	51220,881	51221,451	22,642	3,431	18,131	2,673	25,000	0,000	46,510	45,447	1,000	964,000	482,000	960,000	373,333
200,000	660,000	860,000	5,185	86,364	68,875	2,000	60,496	14,842	14,190	14,779	60,434	570,000	0,000	141348,008	141349,008	141353,903	141354,112	141354,682	141354,782	0,000	51228,008	51229,008	51233,903	51234,112	51234,682	51234,782	19,915	2,053	19,858	2,027	25,000	0,000	0,372	0,116	1,000	791,000	447,000	960,000	373,333
290,000	540,000	830,000	1,953	90,741	114,176	1,000	67,333	20,445	8,542	20,427	67,380	490,000	0,000	141359,356	141400,357	141404,335	141404,631	141405,121	141405,182	0,000	51239,357	51240,357	51244,335	51244,631	51245,121	51245,182	24,834	1,943	24,834	1,896	25,000	0,000	0,071	0,074	1,000	1014,000	417,000	960,000	373,333
300,000	780,000	1080,000	4,447	46,154	68,479	3,000	60,827	15,555	15,574	13,396	60,188	360,000	0,000	141411,808	141412,807	141416,522	141416,833	141417,193	141417,621	0,000	51251,808	51252,807	51256,522	51256,833	51257,193	51257,621	18,593	2,756	16,548	2,397	25,000	0,000	16,660	16,415	1,000	824,000	454,000	960,000	373,333
240,000	480,000	720,000	4,333	72,917	78,319	2,000	61,074	15,140	14,278	14,692	61,341	350,000	0,000	141423,506	141424,506	141429,875	141430,121	141430,471	141430,611	0,000	51263,506	51264,507	51269,875	51270,121	51270,471	51270,611	17,861	2,419	17,559	2,240	25,000	0,000	10,386	11,032	1,000	834,000	462,000	960,000	373,333
320,000	530,000	850,000	4,461	98,113	127,382	0,000	67,972	22,700	6,274	22,696	67,972	520,000	0,000	141437,554	141438,555	141441,669	141441,991	141442,511	141442,531	0,000	51277,554	51278,555	51281,669	51281,991	51282,511	51282,531	27,002	2,082	27,001	2,079	25,000	0,000	NaN	0,167	1,000	1102,000	444,000	960,000	373,333
320,000	720,000	1040,000	4,344	37,500	49,710	5,000	59,664	17,542	19,929	9,041	53,782	270,000	0,000	141448,339	141449,339	141454,685	141455,011	141455,281	141455,741	0,000	51288,339	51289,339	51294,685	51295,011	51295,281	51295,741	21,123	3,741	12,512	2,023	25,000	0,000	38,525	38,148	1,000	892,000	512,000	960,000	373,333
300,000	600,000	900,000	5,865	61,667	40,788	4,000	60,296	13,703	17,181	11,789	60,877	370,000	0,000	141503,766	141504,766	141509,531	141509,842	141510,212	141510,451	0,000	51303,766	51304,767	51309,531	51309,842	51310,212	51310,451	17,129	1,998	15,537	1,417	25,000	0,000	23,777	26,812	1,000	757,000	421,000	960,000	373,333
240,000	590,000	830,000	6,712	57,627	68,866	5,000	59,222	12,378	16,873	12,097	59,228	340,000	0,000	141518,761	141519,762	141523,802	141524,052	141524,392	141524,652	0,000	51318,762	51319,762	51323,802	51324,052	51324,392	51324,652	15,611	1,576	15,405	1,464	25,000	0,000	0,095	0,212	1,000	725,000	415,000	960,000	373,333
330,000	730,000	1060,000	4,112	78,082	89,178	3,000	60,924	18,096	10,935	18,035	60,993	570,000	0,000	141532,253	141533,253	141535,359	141535,692	141536,262	141536,432	0,000	51332,253	51333,254	51335,359	51335,692	51336,262	51336,432	22,220	3,403	22,191	3,329	25,000	0,000	0,494	0,382	1,000	928,000	516,000	960,000	373,333
290,000	400,000	690,000	1,179	97,500	102,471	0,000	66,032	17,982	10,990	17,980	66,032	390,000	0,000	141543,075	141544,075	141547,000	141547,291	141547,680	141547,701	0,000	51343,075	51344,075	51347,000	51347,291	51347,681	51347,701	22,560	1,268	22,561	1,269	25,000	0,000	NaN	1,991	1,000	935,000	407,000	960,000	373,333
250,000	520,000	770,000	4,326	92,308	77,116	1,000	62,141	15,551	13,431	15,539	62,196	480,000	0,000	141553,483	141554,484	141558,852	141559,111	141559,591	141559,641	0,000	51353,483	51354,484	51358,852	51359,111	51359,591	51359,641	19,322	2,082	19,322	2,056	25,000	0,000	0,152	0,494	1,000	807,000	389,000	960,000	373,333
