1250,000	180,000	1430,000	25,485	72,222	2,823	1,000	9,724	0,425	28,684	0,286	9,587	130,000	0,000	141427,774	141428,774	141433,578	141434,833	141434,963	141435,020	0,000	51267,774	51268,774	51273,578	51274,833	51274,963	51275,020	0,163	0,405	0,099	0,276	25,000	0,000	0,135	1,792	1,000	54,000	357,000	960,000	373,333
1970,000	120,000	2090,000	24,702	91,667	0,798	0,000	14,118	0,069	28,904	0,065	14,118	110,000	0,000	141441,877	141442,877	141444,900	141446,880	141446,989	141447,010	0,000	51281,877	51282,877	51284,901	51286,880	51286,990	51287,010	0,058	0,057	0,057	0,054	25,000	0,000	NaN	0,591	1,000	83,000	326,000	960,000	373,333
2410,000	840,000	3250,000	25,542	15,476	19,660	10,000	26,750	3,327	28,822	0,148	24,055	130,000	0,000	141452,324	141453,324	141459,182	141501,600	141501,729	141502,450	0,000	51292,324	51293,324	51299,183	51301,600	51301,730	51302,450	1,858	2,787	0,038	0,135	25,000	0,000	1,196	0,430	1,000	52,000	357,000	960,000	373,333
30,000	50,000	80,000	23,488	0,000	0,876	0,000	24,672	0,038	28,970	0,000	24,582	0,000	0,000	141507,005	141508,006	141511,320	141511,520	141511,520	141511,580	0,000	51307,005	51308,006	51311,320	51311,520	51311,520	51311,580	0,030	0,029	0,003	0,000	25,000	0,000	0,076	NaN	1,000	130,000	281,000	960,000	373,333
1030,000	400,000	1430,000	24,765	40,000	2,178	3,000	11,768	0,542	28,768	0,202	11,842	160,000	0,000	141516,134	141517,134	141521,564	141522,600	141522,760	141523,010	0,000	51316,134	51317,134	51321,564	51322,600	51322,760	51323,010	0,086	0,536	0,028	0,200	25,000	0,000	0,336	0,824	1,000	80,000	343,000	960,000	373,333
550,000	20,000	570,000	24,722	0,000	0,000	0,000	12,189	0,000	28,970	0,000	12,189	0,000	0,000	141531,756	141532,756	141538,541	141539,100	141539,100	141539,130	0,000	51331,756	51332,756	51338,541	51339,100	51339,100	51339,130	0,000	0,000	0,000	0,000	25,000	0,000	NaN	NaN	1,000	81,000	375,000	960,000	373,333
300,000	250,000	550,000	23,341	96,000	24,403	0,000	20,052	2,397	26,573	2,397	20,052	240,000	0,000	141544,924	141545,924	141549,388	141549,691	141549,931	141549,950	0,000	51344,924	51345,924	51349,388	51349,691	51349,931	51349,950	1,070	2,165	1,070	2,165	25,000	0,000	NaN	1,764	1,000	144,000	222,000	960,000	373,333
480,000	420,000	900,000	24,097	30,952	13,270	4,000	13,347	2,259	27,939	1,031	13,025	130,000	0,000	141556,447	141557,447	141601,740	141602,232	141602,362	141602,660	0,000	51356,447	51357,447	51361,740	51362,232	51362,362	51362,660	0,394	2,223	0,079	1,040	25,000	0,000	7,610	7,466	1,000	107,000	293,000	960,000	373,333
590,000	120,000	710,000	26,958	0,000	20,932	0,000	12,680	1,484	28,962	0,008	7,862	0,000	0,000	141607,625	141608,625	141612,943	141613,541	141613,541	141613,670	0,000	51367,625	51368,625	51372,944	51373,541	51373,541	51373,670	1,173	1,290	0,000	0,008	25,000	0,000	18,240	NaN	1,000	4,000	304,000	960,000	373,333
410,000	1020,000	1430,000	22,793	37,255	17,646	8,000	18,199	4,553	26,091	2,879	16,275	380,000	0,000	141620,424	141621,424	141625,962	141626,380	141626,760	141627,410	0,000	51380,424	51381,424	51385,962	51386,380	51386,760	51387,410	2,438	4,050	1,492	2,588	25,000	0,000	0,089	0,075	1,000	166,000	211,000	960,000	373,333
620,000	200,000	820,000	26,554	90,000	23,184	1,000	10,264	2,894	26,170	2,800	10,264	180,000	0,000	141634,437	141635,437	141640,112	141640,741	141640,921	141640,950	0,000	51394,437	51395,437	51400,112	51400,741	51400,921	51400,950	0,917	2,779	0,895	2,696	25,000	0,000	NaN	11,576	1,000	24,000	497,000	960,000	373,333
3010,000	20,000	3030,000	27,004	0,000	0,000	0,000	0,000	0,000	28,970	0,000	0,000	0,000	0,000	141645,722	141646,722	141649,442	141652,460	141652,460	141652,491	0,000	51405,722	51406,722	51409,442	51412,460	51412,460	51412,491	0,000	0,000	0,000	0,000	25,000	0,000	NaN	NaN	1,000	0,000	389,000	960,000	373,333
420,000	20,000	440,000	25,343	0,000	0,000	0,000	9,257	0,000	28,970	0,000	9,257	0,000	0,000	141658,207	141659,208	141703,022	141703,450	141703,450	141703,480	0,000	51418,208	51419,208	51423,022	51423,450	51423,450	51423,480	0,000	0,000	0,000	0,000	25,000	0,000	NaN	NaN	1,000	59,000	362,000	960,000	373,333
560,000	870,000	1430,000	15,716	18,391	12,955	7,000	38,792	6,925	28,086	0,884	21,939	160,000	0,000	141708,993	141709,995	141713,954	141714,520	141714,680	141715,400	0,000	51428,993	51429,995	51433,955	51434,520	51434,680	51435,400	7,950	3,522	1,130	0,535	25,000	0,000	1,224	5,025	1,000	420,000	517,000	960,000	373,333
450,000	980,000	1430,000	18,073	17,347	13,090	12,000	32,485	6,036	27,243	1,727	21,182	170,000	0,000	141719,955	141720,955	141726,484	141726,941	141727,111	141727,930	0,000	51439,955	51440,955	51446,485	51446,941	51447,111	51447,930	6,067	3,869	1,560	1,315	25,000	0,000	6,339	11,689	1,000	335,000	224,000	960,000	373,333
390,000	1040,000	1430,000	11,973	19,231	17,522	12,000	43,541	12,680	26,611	2,359	29,033	200,000	0,000	141732,916	141733,916	141739,750	141740,150	141740,350	141741,200	0,000	51452,916	51453,916	51459,750	51460,150	51460,350	51461,200	12,814	6,780	2,826	1,396	25,000	0,000	2,033	11,880	1,000	610,000	131,000	960,000	373,333
250,000	220,000	470,000	25,347	95,455	12,491	0,000	21,993	1,522	27,447	1,523	21,993	210,000	0,000	141749,949	141750,950	141754,616	141754,870	141755,080	141755,100	0,000	51469,949	51470,950	51474,616	51474,870	51475,080	51475,100	1,661	0,986	1,662	0,987	25,000	0,000	NaN	4,592	1,000	59,000	393,000	960,000	373,333
30,000	1290,000	1320,000	28,107	11,628	18,563	14,000	8,857	10,507	28,823	0,147	9,541	150,000	0,000	141800,414	141801,414	141804,132	141804,333	141804,483	141805,630	0,000	51480,414	51481,414	51484,132	51484,333	51484,483	51485,630	1,634	10,379	0,142	0,129	25,000	0,000	3,943	0,284	1,000	33,000	0,000	960,000	373,333
550,000	880,000	1430,000	17,027	13,636	12,671	10,000	36,834	7,827	28,297	0,673	24,141	120,000	0,000	141812,124	141813,124	141818,332	141818,890	141819,010	141819,781	0,000	51492,124	51493,124	51498,332	51498,890	51499,010	51499,781	7,869	4,596	1,441	0,178	25,000	0,000	0,283	5,503	1,000	388,000	175,000	960,000	373,333
30,000	1250,000	1280,000	27,144	12,000	18,911	13,000	15,320	11,123	28,868	0,102	12,616	150,000	0,000	141824,476	141825,478	141830,662	141830,863	141831,013	141832,120	0,000	51504,477	51505,478	51510,662	51510,863	51511,013	51512,120	3,604	10,575	0,087	0,089	25,000	0,000	0,706	0,679	1,000	70,000	0,000	960,000	373,333
820,000	100,000	920,000	26,830	0,000	17,647	0,000	9,187	1,175	28,940	0,029	7,901	0,000	0,000	141837,511	141838,511	141844,024	141844,850	141844,850	141844,960	0,000	51517,511	51518,511	51524,024	51524,850	51524,850	51524,960	0,402	1,113	0,010	0,028	25,000	0,000	16,141	NaN	1,000	12,000	267,000	960,000	373,333
530,000	900,000	1430,000	19,579	16,667	9,754	8,000	28,093	6,652	27,846	1,124	19,250	150,000	0,000	141849,582	141850,584	141853,633	141854,170	141854,320	141855,080	0,000	51529,582	51530,584	51533,633	51534,170	51534,320	51535,080	4,989	5,144	0,810	0,934	25,000	0,000	0,966	8,161	1,000	298,000	158,000	960,000	373,333
1890,000	320,000	2210,000	24,158	50,000	10,130	3,000	14,212	1,091	28,745	0,225	13,707	160,000	0,000	141859,686	141900,686	141903,096	141904,990	141905,150	141905,320	0,000	51539,686	51540,686	51543,096	51544,990	51545,150	51545,320	0,436	1,022	0,141	0,198	25,000	0,000	8,503	0,011	1,000	105,000	291,000	960,000	373,333
300,000	650,000	950,000	26,173	24,615	48,477	4,000	22,574	16,101	27,183	1,787	14,756	160,000	0,000	141913,405	141914,404	141918,915	141919,221	141919,381	141919,919	0,000	51553,405	51554,404	51558,915	51559,221	51559,381	51559,920	7,741	14,321	0,579	1,696	25,000	0,000	24,940	0,128	1,000	186,000	890,000	960,000	373,333
360,000	1070,000	1430,000	23,804	14,953	8,637	14,000	17,602	5,072	28,171	0,798	17,470	160,000	0,000	141925,373	141926,373	141930,756	141931,121	141931,281	141932,199	0,000	51565,373	51566,373	51570,757	51571,121	51571,281	51572,199	1,611	4,815	0,314	0,739	25,000	0,000	0,064	3,335	1,000	136,000	180,000	960,000	373,333
600,000	830,000	1430,000	19,209	20,482	13,214	9,000	25,219	6,667	27,801	1,168	22,159	170,000	0,000	141936,908	141937,908	141940,476	141941,082	141941,252	141941,922	0,000	51576,908	51577,908	51580,476	51581,082	51581,252	51581,922	4,321	5,437	1,311	0,770	25,000	0,000	0,235	7,413	1,000	282,000	291,000	960,000	373,333
300,000	960,000	1260,000	19,923	35,417	23,786	11,000	33,829	14,307	25,117	3,853	24,799	340,000	0,000	141947,177	141948,178	141952,560	141952,872	141953,212	141953,840	0,000	51587,177	51588,178	51592,560	51592,872	51593,212	51593,840	10,381	10,631	2,374	3,189	25,000	0,000	4,827	7,878	1,000	358,000	0,000	960,000	373,333
380,000	1050,000	1430,000	22,551	20,000	16,734	11,000	28,951	8,668	27,126	1,844	23,713	210,000	0,000	142000,305	142001,307	142004,960	142005,350	142005,560	142006,410	0,000	51600,305	51601,307	51604,960	51605,350	51605,560	51606,410	6,176	6,808	1,835	1,342	25,000	0,000	1,440	4,256	1,000	203,000	109,000	960,000	373,333
400,000	1030,000	1430,000	23,462	21,359	23,263	10,000	32,711	13,572	26,899	2,071	18,978	220,000	0,000	142012,586	142013,587	142017,864	142018,272	142018,492	142019,310	0,000	51612,586	51613,587	51617,864	51618,272	51618,492	51619,310	10,118	10,178	1,139	1,828	25,000	0,000	15,158	3,647	1,000	214,000	0,000	960,000	373,333
310,000	1120,000	1430,000	20,180	14,286	9,645	12,000	24,551	6,375	27,762	1,208	19,488	160,000	0,000	142024,887	142025,887	142029,982	142030,301	142030,461	142031,431	0,000	51624,887	51625,887	51629,982	51630,301	51630,461	51631,431	4,017	5,278	0,743	1,032	25,000	0,000	1,533	6,785	1,000	283,000	611,000	960,000	373,333
370,000	1060,000	1430,000	22,202	11,321	7,811	12,000	19,470	3,206	28,683	0,287	19,123	120,000	0,000	142038,058	142039,058	142043,265	142043,640	142043,760	142044,711	0,000	51638,058	51639,058	51643,265	51643,640	51643,760	51644,711	1,107	3,002	0,086	0,267	25,000	0,000	1,294	2,308	1,000	177,000	273,000	960,000	373,333
820,000	150,000	970,000	24,360	93,333	2,316	0,000	14,140	0,144	28,829	0,141	14,140	140,000	0,000	142049,283	142050,282	142052,515	142053,341	142053,481	142053,500	0,000	51649,283	51650,282	51652,515	51653,341	51653,481	51653,500	0,028	0,141	0,028	0,138	25,000	0,000	NaN	0,258	1,000	94,000	389,000	960,000	373,333
380,000	1050,000	1430,000	20,943	33,333	19,381	10,000	26,070	10,492	25,497	3,473	24,912	350,000	0,000	142059,331	142100,331	142104,942	142105,330	142105,680	142106,390	0,000	51659,331	51660,331	51664,942	51665,330	51665,680	51666,390	6,079	8,848	2,664	2,744	25,000	0,000	2,927	7,185	1,000	310,000	10,000	960,000	373,333
540,000	350,000	890,000	27,125	28,571	13,873	4,000	16,043	2,032	28,610	0,360	11,906	100,000	0,000	142110,990	142111,991	142115,597	142116,140	142116,240	142116,500	0,000	51670,990	51671,991	51675,597	51676,140	51676,240	51676,500	1,715	1,669	0,374	0,291	25,000	0,000	8,575	2,954	1,000	0,000	466,000	960,000	373,333
520,000	620,000	1140,000	22,547	37,097	15,247	6,000	18,843	4,426	26,660	2,310	20,472	230,000	0,000	142122,487	142123,487	142126,103	142126,631	142126,861	142127,260	0,000	51682,487	51683,488	51686,103	51686,631	51686,861	51687,260	2,334	3,911	1,980	1,814	25,000	0,000	9,640	10,568	1,000	172,000	226,000	960,000	373,333
300,000	900,000	1200,000	23,462	14,444	25,136	9,000	19,449	10,984	28,388	0,581	10,959	130,000	0,000	142133,407	142134,408	142139,236	142139,540	142139,670	142140,449	0,000	51693,407	51694,408	51699,237	51699,540	51699,670	51700,449	5,155	9,956	0,108	0,576	25,000	0,000	3,195	4,649	1,000	214,000	0,000	960,000	373,333
390,000	1040,000	1430,000	26,291	28,846	35,527	8,000	41,917	14,428	26,915	2,055	30,790	300,000	0,000	142151,560	142152,560	142156,852	142157,252	142157,552	142158,300	0,000	51711,560	51712,560	51716,852	51717,252	51717,552	51718,300	13,670	8,946	3,688	0,787	25,000	0,000	2,277	4,464	1,000	103,000	0,000	960,000	373,333
400,000	1010,000	1410,000	19,923	28,713	86,609	9,000	46,610	22,956	24,686	4,284	37,962	290,000	0,000	142203,223	142204,223	142207,051	142207,460	142207,750	142208,480	0,000	51723,223	51724,223	51727,051	51727,460	51727,750	51728,480	21,190	12,769	5,713	1,739	25,000	0,000	16,092	10,169	1,000	358,000	0,000	960,000	373,333
350,000	1080,000	1430,000	19,640	16,667	35,039	10,000	25,127	11,268	26,743	2,227	30,456	180,000	0,000	142213,059	142214,059	142218,034	142218,390	142218,570	142219,481	0,000	51733,059	51734,059	51738,034	51738,390	51738,570	51739,481	5,654	9,743	2,957	1,017	25,000	0,000	13,389	13,365	1,000	324,000	85,000	960,000	373,333
380,000	130,000	510,000	25,404	0,000	4,165	0,000	15,590	0,312	28,970	0,000	12,407	0,000	0,000	142224,057	142225,057	142228,209	142228,600	142228,600	142228,740	0,000	51744,057	51745,057	51748,209	51748,600	51748,600	51748,740	0,709	0,143	0,013	0,000	25,000	0,000	3,980	NaN	1,000	57,000	395,000	960,000	373,333
360,000	1070,000	1430,000	9,333	24,299	14,576	10,000	57,692	9,811	27,700	1,270	29,281	260,000	0,000	142233,599	142234,600	142238,780	142239,150	142239,410	142240,230	0,000	51753,599	51754,600	51758,780	51759,150	51759,410	51760,230	14,195	1,072	2,818	0,283	25,000	0,000	3,847	5,885	1,000	632,000	323,000	960,000	373,333
300,000	1130,000	1430,000	4,055	35,398	20,430	9,000	61,848	14,649	23,478	5,492	49,677	400,000	0,000	142247,781	142248,781	142251,535	142251,840	142252,240	142252,981	0,000	51767,781	51768,781	51771,535	51771,840	51772,240	51772,981	18,800	1,890	8,680	0,675	25,000	0,000	3,814	14,507	1,000	821,000	335,000	960,000	373,333
260,000	1170,000	1430,000	9,754	11,966	20,728	14,000	46,890	14,109	28,201	0,769	27,616	140,000	0,000	142258,940	142259,940	142304,246	142304,511	142304,651	142305,690	0,000	51778,940	51779,940	51784,246	51784,511	51784,651	51785,690	14,904	6,608	1,730	0,139	25,000	0,000	2,780	5,103	1,000	682,000	166,000	960,000	373,333
330,000	1100,000	1430,000	15,879	17,273	9,786	9,000	40,366	5,874	28,784	0,186	18,299	190,000	0,000	142310,285	142311,285	142315,060	142315,399	142315,590	142316,512	0,000	51790,285	51791,285	51795,061	51795,400	51795,590	51796,512	7,965	2,274	0,477	0,048	25,000	0,000	2,597	0,480	1,000	401,000	294,000	960,000	373,333
510,000	920,000	1430,000	18,748	16,304	5,129	12,000	33,988	3,289	28,448	0,522	17,813	150,000	0,000	142322,376	142323,376	142327,610	142328,130	142328,280	142329,060	0,000	51802,376	51803,376	51807,610	51808,130	51808,280	51809,060	5,430	1,165	0,937	0,286	25,000	0,000	0,817	3,610	1,000	296,000	432,000	960,000	373,333
380,000	1050,000	1430,000	12,144	14,286	18,859	9,000	45,592	12,330	27,137	1,833	27,662	150,000	0,000	142333,624	142334,624	142339,914	142340,300	142340,450	142341,361	0,000	51813,624	51814,624	51819,914	51820,300	51820,450	51821,361	13,251	6,036	2,541	1,001	25,000	0,000	3,549	10,331	1,000	614,000	115,000	960,000	373,333
460,000	970,000	1430,000	5,892	14,433	20,511	10,000	55,380	13,254	28,014	0,956	27,261	140,000	0,000	142345,960	142346,960	142349,363	142349,830	142349,970	142350,811	0,000	51825,960	51826,960	51829,363	51829,830	51829,970	51830,811	17,299	3,021	2,369	0,141	25,000	0,000	5,450	6,480	1,000	760,000	311,000	960,000	373,333
460,000	970,000	1430,000	3,047	22,680	20,018	11,000	62,166	14,367	26,659	2,311	38,231	220,000	0,000	142358,302	142359,302	142401,813	142402,280	142402,500	142403,261	0,000	51838,302	51839,302	51841,813	51842,280	51842,500	51843,261	18,716	1,936	4,437	0,291	25,000	0,000	7,248	10,828	1,000	852,000	382,000	960,000	373,333
470,000	960,000	1430,000	5,092	17,708	23,713	10,000	59,190	13,334	28,270	0,700	24,720	170,000	0,000	142410,685	142411,684	142414,615	142415,090	142415,261	142416,061	0,000	51850,685	51851,684	51854,615	51855,091	51855,261	51856,061	18,040	2,350	2,004	0,095	25,000	0,000	18,268	4,448	1,000	813,000	479,000	960,000	373,333
660,000	770,000	1430,000	3,166	25,974	29,133	7,000	62,212	15,442	26,798	2,171	35,301	200,000	0,000	142420,898	142421,898	142425,715	142426,380	142426,580	142427,160	0,000	51860,898	51861,898	51865,715	51866,380	51866,580	51867,160	20,113	2,201	4,149	0,463	25,000	0,000	11,049	10,648	1,000	904,000	471,000	960,000	373,333
580,000	850,000	1430,000	10,937	22,353	14,646	7,000	54,077	8,572	27,847	1,123	25,872	190,000	0,000	142432,810	142433,809	142437,686	142438,270	142438,460	142439,130	0,000	51872,810	51873,809	51877,686	51878,270	51878,460	51879,130	12,407	1,445	2,099	0,462	25,000	0,000	5,813	4,759	1,000	577,000	306,000	960,000	373,333
500,000	930,000	1430,000	1,669	40,860	28,623	8,000	63,243	17,676	23,833	5,137	43,292	380,000	0,000	142444,564	142445,564	142449,568	142450,070	142450,450	142451,011	0,000	51884,564	51885,564	51889,569	51890,070	51890,450	51891,011	22,419	2,881	7,894	1,492	25,000	0,000	15,168	11,890	1,000	927,000	324,000	960,000	373,333
440,000	990,000	1430,000	5,258	13,131	28,735	12,000	63,787	20,958	27,729	1,240	29,575	130,000	0,000	142455,578	142456,578	142502,380	142502,831	142502,961	142503,830	0,000	51895,578	51896,578	51902,380	51902,831	51902,961	51903,830	25,818	3,877	2,914	0,285	25,000	0,000	13,571	10,661	1,000	1065,000	528,000	960,000	373,333
550,000	880,000	1430,000	7,657	18,182	17,607	11,000	59,900	10,498	27,961	1,009	26,685	160,000	0,000	142508,408	142509,408	142512,647	142513,200	142513,360	142514,090	0,000	51908,408	51909,408	51912,647	51913,200	51913,360	51914,090	15,350	0,762	2,250	0,263	25,000	0,000	10,046	5,045	1,000	688,000	385,000	960,000	373,333
400,000	620,000	1020,000	9,442	25,806	64,634	4,000	52,375	21,260	25,680	3,290	34,964	160,000	0,000	142521,891	142522,892	142525,753	142526,161	142526,321	142526,790	0,000	51921,891	51922,892	51925,753	51926,161	51926,321	51926,790	22,135	9,058	4,470	1,580	25,000	0,000	19,367	19,628	1,000	923,000	707,000	960,000	373,333
480,000	950,000	1430,000	4,147	12,632	40,904	10,000	66,171	22,484	27,879	1,090	29,716	120,000	0,000	142531,726	142532,727	142534,886	142535,371	142535,491	142536,331	0,000	51931,727	51932,727	51934,886	51935,371	51935,491	51936,331	27,334	3,096	2,630	0,177	25,000	0,000	6,492	9,142	1,000	1080,000	459,000	960,000	373,333
430,000	1000,000	1430,000	2,089	21,000	27,364	10,000	66,678	18,795	26,723	2,247	39,249	210,000	0,000	142541,125	142542,124	142545,582	142546,020	142546,230	142547,030	0,000	51941,125	51942,124	51945,582	51946,020	51946,230	51947,031	23,885	1,917	4,895	0,113	25,000	0,000	8,927	13,420	1,000	1008,000	430,000	960,000	373,333
330,000	1100,000	1430,000	5,220	26,364	22,809	10,000	60,789	14,457	26,704	2,266	31,991	290,000	0,000	142552,391	142553,391	142556,834	142557,170	142557,460	142558,279	0,000	51952,391	51953,391	51956,834	51957,170	51957,460	51958,279	19,636	1,856	4,346	0,811	25,000	0,000	3,365	9,239	1,000	778,000	337,000	960,000	373,333
570,000	860,000	1430,000	9,713	17,442	20,886	13,000	55,182	9,331	28,496	0,474	22,153	150,000	0,000	142602,842	142603,842	142608,952	142609,530	142609,680	142610,401	0,000	51962,842	51963,842	51968,952	51969,530	51969,680	51970,401	13,439	1,388	1,119	0,112	25,000	0,000	10,163	3,277	1,000	617,000	333,000	960,000	373,333
370,000	1060,000	1430,000	4,491	19,811	26,447	13,000	61,380	18,444	27,629	1,341	25,671	210,000	0,000	142614,962	142615,962	142619,862	142620,239	142620,449	142621,310	0,000	51974,962	51975,962	51979,862	51980,240	51980,450	51981,310	23,798	3,588	3,066	0,454	25,000	0,000	15,568	7,202	1,000	962,000	533,000	960,000	373,333
