330,000	670,000	1000,000	27,691	37,313	46,917	4,000	13,577	6,593	23,126	5,844	13,252	250,000	0,000	131433,851	131434,851	131438,571	131438,908	131439,158	131439,587	0,000	47673,851	47674,852	47678,572	47678,908	47679,158	47679,587	1,886	6,329	1,573	5,649	25,000	0,000	3,353	2,522	1,000	7,000	126,000	960,000	373,333
30,000	1400,000	1430,000	24,685	10,000	14,733	13,000	22,171	6,338	28,945	0,025	27,440	140,000	0,000	131446,908	131447,908	131450,369	131450,570	131450,710	131451,977	0,000	47686,908	47687,908	47690,369	47690,570	47690,710	47691,977	1,904	6,096	0,057	0,000	25,000	0,000	3,422	0,050	1,000	85,000	442,000	960,000	373,333
340,000	20,000	360,000	25,763	0,000	0,000	0,000	6,818	0,000	28,970	0,000	6,818	0,000	0,000	131456,467	131457,467	131500,053	131500,397	131500,397	131500,429	0,000	47696,467	47697,467	47700,053	47700,397	47700,397	47700,429	0,000	0,000	0,000	0,000	25,000	0,000	NaN	NaN	1,000	44,000	368,000	960,000	373,333
300,000	300,000	600,000	19,803	56,667	20,287	2,000	32,203	2,601	26,636	2,334	32,321	170,000	0,000	131505,876	131506,876	131510,937	131511,247	131511,417	131511,557	0,000	47705,876	47706,876	47710,937	47711,247	47711,417	47711,557	3,348	1,125	3,249	0,907	25,000	0,000	9,552	10,171	1,000	256,000	386,000	960,000	373,333
280,000	310,000	590,000	17,440	70,968	21,704	2,000	38,758	4,040	25,156	3,814	38,938	220,000	0,000	131516,027	131517,027	131522,784	131523,067	131523,287	131523,387	0,000	47716,027	47717,027	47722,784	47723,067	47723,287	47723,387	5,540	1,323	5,397	1,259	25,000	0,000	10,757	15,364	1,000	342,000	424,000	960,000	373,333
270,000	330,000	600,000	14,931	93,939	49,183	1,000	43,199	7,615	21,374	7,595	43,199	310,000	0,000	131527,861	131528,861	131533,730	131534,007	131534,317	131534,347	0,000	47727,861	47728,861	47733,730	47734,007	47734,317	47734,347	8,923	3,127	8,924	3,118	25,000	0,000	NaN	4,601	1,000	438,000	470,000	960,000	373,333
290,000	400,000	690,000	13,134	77,500	74,877	2,000	42,846	10,954	18,053	10,916	42,794	310,000	0,000	131539,360	131540,361	131546,044	131546,339	131546,649	131546,747	0,000	47739,360	47740,361	47746,044	47746,339	47746,649	47746,747	11,420	5,484	11,394	5,465	25,000	0,000	3,587	3,693	1,000	536,000	569,000	960,000	373,333
300,000	330,000	630,000	10,568	96,970	61,972	0,000	50,307	10,225	18,747	10,222	50,307	320,000	0,000	131552,581	131553,582	131558,927	131559,237	131559,557	131559,577	0,000	47752,581	47753,582	47758,927	47759,237	47759,557	47759,577	11,785	3,237	11,784	3,236	25,000	0,000	NaN	4,415	1,000	598,000	474,000	960,000	373,333
280,000	480,000	760,000	5,285	33,333	81,033	4,000	57,875	14,537	22,790	6,180	51,928	160,000	0,000	131605,404	131606,404	131611,774	131612,057	131612,217	131612,547	0,000	47765,404	47766,404	47771,774	47772,057	47772,217	47772,547	17,889	3,068	9,452	1,577	25,000	0,000	38,693	43,306	1,000	774,000	400,000	960,000	373,333
260,000	560,000	820,000	5,821	66,071	125,322	4,000	59,925	21,243	8,166	20,804	60,398	370,000	0,000	131617,587	131618,587	131621,418	131621,687	131622,057	131622,257	0,000	47777,587	47778,587	47781,418	47781,687	47782,057	47782,257	24,133	5,598	23,934	5,105	25,000	0,000	3,081	3,535	1,000	971,000	580,000	960,000	373,333
270,000	850,000	1120,000	4,720	55,294	145,767	5,000	61,883	23,038	7,284	21,686	62,375	470,000	0,000	131628,353	131629,353	131634,403	131634,677	131635,147	131635,537	0,000	47788,353	47789,354	47794,403	47794,677	47795,147	47795,537	25,651	5,486	24,607	4,696	25,000	0,000	0,259	0,076	1,000	1050,000	515,000	960,000	373,333
290,000	350,000	640,000	4,029	91,429	94,803	1,000	60,720	18,086	11,193	17,777	60,720	320,000	0,000	131640,017	131641,017	131645,867	131646,167	131646,487	131646,527	0,000	47800,017	47801,017	47805,867	47806,167	47806,487	47806,527	21,819	3,601	21,733	3,595	25,000	0,000	NaN	49,052	1,000	906,000	506,000	960,000	373,333
300,000	680,000	980,000	5,063	70,588	129,236	2,000	64,523	23,136	6,531	22,438	64,934	480,000	0,000	131651,926	131652,926	131656,440	131656,748	131657,228	131657,437	0,000	47811,926	47812,926	47816,440	47816,748	47817,228	47817,437	25,737	4,558	25,210	4,098	25,000	0,000	1,825	0,269	1,000	1060,000	523,000	960,000	373,333
300,000	700,000	1000,000	6,079	57,143	92,003	6,000	62,773	23,704	7,184	21,785	63,283	400,000	0,000	131704,890	131705,890	131709,356	131709,667	131710,067	131710,377	0,000	47824,890	47825,890	47829,357	47829,667	47830,067	47830,377	26,918	5,401	25,320	4,812	25,000	0,000	29,631	32,287	1,000	1056,000	567,000	960,000	373,333
320,000	830,000	1150,000	2,237	53,012	110,920	8,000	68,031	21,163	8,101	20,868	68,255	440,000	0,000	131716,431	131717,430	131720,346	131720,666	131721,106	131721,507	0,000	47836,431	47837,431	47840,346	47840,667	47841,107	47841,507	25,230	1,829	25,005	1,595	25,000	0,000	0,071	0,206	1,000	1039,000	364,000	960,000	373,333
260,000	570,000	830,000	3,576	63,158	62,162	2,000	62,755	19,628	14,807	14,163	63,659	360,000	0,000	131726,080	131727,080	131729,646	131729,907	131730,267	131730,487	0,000	47846,080	47847,080	47849,646	47849,907	47850,267	47850,487	23,463	3,520	18,760	1,536	25,000	0,000	17,964	33,394	1,000	971,000	500,000	960,000	373,333
260,000	870,000	1130,000	6,417	59,770	112,244	7,000	64,090	24,178	5,104	23,865	64,406	520,000	0,000	131735,674	131736,675	131741,598	131741,867	131742,387	131742,747	0,000	47855,675	47856,675	47861,598	47861,867	47862,387	47862,747	27,703	4,979	27,508	4,663	25,000	0,000	0,600	0,836	1,000	1108,000	547,000	960,000	373,333
250,000	670,000	920,000	1,987	56,716	130,038	6,000	66,316	21,158	8,725	20,245	68,078	380,000	0,000	131747,215	131748,215	131753,883	131754,137	131754,517	131754,818	0,000	47867,215	47868,215	47873,883	47874,137	47874,517	47874,818	25,172	2,536	24,709	1,352	25,000	0,000	1,017	2,870	1,000	1021,000	409,000	960,000	373,333
320,000	470,000	790,000	3,486	93,617	132,924	1,000	64,825	20,738	8,248	20,721	64,825	440,000	0,000	131759,285	131800,285	131802,793	131803,117	131803,557	131803,597	0,000	47879,285	47880,285	47882,793	47883,117	47883,557	47883,597	23,851	3,124	23,849	3,103	25,000	0,000	NaN	0,550	1,000	1035,000	472,000	960,000	373,333
150,000	480,000	630,000	4,023	97,917	100,882	0,000	60,826	17,201	11,768	17,201	60,826	470,000	0,000	131808,587	131809,588	131811,999	131812,200	131812,670	131812,688	0,000	47888,588	47889,588	47891,999	47892,200	47892,670	47892,688	21,742	3,291	21,744	3,289	25,000	0,000	NaN	1,791	1,000	844,000	457,000	960,000	373,333
250,000	410,000	660,000	5,010	63,415	102,343	2,000	58,991	18,887	12,776	16,194	59,114	260,000	0,000	131817,155	131818,155	131822,908	131823,167	131823,427	131823,587	0,000	47897,155	47898,155	47902,908	47903,167	47903,427	47903,587	22,814	4,530	20,521	4,259	25,000	0,000	82,646	86,959	1,000	909,000	544,000	960,000	373,333
260,000	450,000	710,000	3,658	97,778	104,564	0,000	67,807	21,828	7,138	21,832	67,807	440,000	0,000	131828,492	131829,492	131834,633	131834,897	131835,337	131835,357	0,000	47908,492	47909,493	47914,633	47914,897	47915,337	47915,357	26,693	1,885	26,696	1,886	25,000	0,000	NaN	12,083	1,000	1081,000	421,000	960,000	373,333
300,000	660,000	960,000	0,637	59,091	99,772	4,000	65,561	18,595	10,697	18,273	66,708	390,000	0,000	131840,355	131841,356	131845,972	131846,277	131846,667	131846,947	0,000	47920,355	47921,356	47925,972	47926,277	47926,667	47926,947	22,556	1,888	22,505	1,213	25,000	0,000	0,218	0,766	1,000	950,000	353,000	960,000	373,333
310,000	430,000	740,000	0,602	93,023	96,219	1,000	66,691	17,144	11,869	17,101	66,691	400,000	0,000	131851,609	131852,609	131855,375	131855,688	131856,088	131856,127	0,000	47931,609	47932,609	47935,375	47935,688	47936,088	47936,127	20,424	1,098	20,414	1,081	25,000	0,000	NaN	4,005	1,000	940,000	381,000	960,000	373,333
220,000	1030,000	1250,000	2,977	33,981	143,281	13,000	64,774	22,943	7,264	21,706	66,982	350,000	0,000	131901,551	131902,552	131905,467	131905,697	131906,047	131906,737	0,000	47941,551	47942,552	47945,467	47945,697	47946,047	47946,737	26,129	4,221	25,500	2,743	25,000	0,000	3,516	4,396	1,000	1055,000	420,000	960,000	373,333
250,000	440,000	690,000	0,917	97,727	113,792	0,000	66,428	18,054	10,915	18,055	66,428	430,000	0,000	131912,262	131913,261	131916,504	131916,757	131917,187	131917,207	0,000	47952,262	47953,262	47956,504	47956,757	47957,187	47957,207	23,823	0,986	23,824	0,984	25,000	0,000	NaN	3,102	1,000	928,000	367,000	960,000	373,333
320,000	430,000	750,000	2,018	97,674	96,712	0,000	63,927	16,541	12,432	16,538	63,927	420,000	0,000	131922,784	131923,785	131927,427	131927,757	131928,177	131928,197	0,000	47962,784	47963,785	47967,427	47967,757	47968,177	47968,197	20,028	1,860	20,029	1,857	25,000	0,000	NaN	3,858	1,000	889,000	363,000	960,000	373,333
220,000	480,000	700,000	1,631	75,000	123,135	3,000	64,059	18,962	10,296	18,674	63,822	360,000	0,000	131932,983	131933,983	131939,068	131939,296	131939,657	131939,788	0,000	47972,983	47973,983	47979,068	47979,297	47979,657	47979,788	23,489	2,531	23,220	2,517	25,000	0,000	7,654	8,603	1,000	902,000	373,000	960,000	373,333
320,000	410,000	730,000	1,148	97,561	97,711	0,000	60,197	19,239	9,729	19,241	60,197	400,000	0,000	131944,615	131945,615	131950,194	131950,517	131950,917	131950,937	0,000	47984,615	47985,615	47990,194	47990,517	47990,917	47990,937	21,600	4,727	21,601	4,731	25,000	0,000	NaN	13,575	1,000	946,000	335,000	960,000	373,333
300,000	690,000	990,000	3,026	28,986	107,058	8,000	63,806	20,325	15,212	13,757	64,415	200,000	0,000	131955,824	131956,824	132001,242	132001,547	132001,747	132002,247	0,000	47995,824	47996,824	48001,242	48001,547	48001,747	48002,247	23,514	3,712	17,696	2,635	25,000	0,000	86,220	82,575	1,000	990,000	270,000	960,000	373,333
330,000	600,000	930,000	2,440	56,667	133,936	6,000	60,717	20,915	8,996	19,974	60,966	340,000	0,000	132006,716	132007,716	132011,528	132011,867	132012,207	132012,477	0,000	48006,716	48007,716	48011,529	48011,867	48012,207	48012,477	22,950	5,288	22,257	4,739	25,000	0,000	15,260	16,953	1,000	1020,000	436,000	960,000	373,333
250,000	420,000	670,000	0,949	90,476	112,252	2,000	64,166	17,259	11,715	17,255	64,215	380,000	0,000	132019,262	132020,262	132024,856	132025,107	132025,487	132025,537	0,000	48019,262	48020,262	48024,856	48025,107	48025,487	48025,537	20,812	1,829	20,818	1,807	25,000	0,000	0,415	3,252	1,000	928,000	384,000	960,000	373,333
290,000	690,000	980,000	2,692	79,710	116,722	3,000	67,486	20,847	8,228	20,742	67,637	550,000	0,000	132031,298	132032,298	132037,526	132037,817	132038,367	132038,517	0,000	48031,298	48032,298	48037,526	48037,817	48038,367	48038,517	24,667	2,224	24,607	2,110	25,000	0,000	0,591	0,025	1,000	1027,000	305,000	960,000	373,333
250,000	770,000	1020,000	2,144	54,545	124,374	6,000	61,943	19,085	10,646	18,324	62,209	420,000	0,000	132044,029	132045,030	132049,302	132049,557	132049,978	132050,337	0,000	48044,029	48045,030	48049,302	48049,558	48049,978	48050,337	22,783	3,601	22,191	3,244	25,000	0,000	4,792	4,790	1,000	934,000	445,000	960,000	373,333
30,000	580,000	610,000	1,028	98,276	127,120	0,000	64,661	19,661	9,312	19,658	64,661	570,000	0,000	132057,785	132058,785	132103,270	132103,471	132104,041	132104,057	0,000	48057,785	48058,785	48063,270	48063,471	48064,041	48064,057	24,414	2,841	24,413	2,841	25,000	0,000	NaN	0,117	1,000	935,000	400,000	960,000	373,333
270,000	480,000	750,000	1,624	79,167	113,460	2,000	65,785	16,926	12,070	16,900	65,762	380,000	0,000	132109,514	132110,515	132112,859	132113,138	132113,518	132113,627	0,000	48069,514	48070,515	48072,859	48073,138	48073,518	48073,627	20,983	1,069	20,957	1,061	25,000	0,000	2,560	2,183	1,000	903,000	364,000	960,000	373,333
300,000	390,000	690,000	5,811	43,590	145,747	3,000	66,189	24,756	12,265	16,705	69,284	170,000	0,000	132119,560	132120,560	132124,888	132125,198	132125,368	132125,599	0,000	48079,560	48080,560	48084,888	48085,198	48085,368	48085,599	26,613	4,617	19,833	3,232	25,000	0,000	120,476	124,024	1,000	1148,000	459,000	960,000	373,333
290,000	1000,000	1290,000	2,161	33,000	131,891	13,000	63,797	17,434	11,980	16,989	63,750	330,000	0,000	132132,218	132133,218	132138,259	132138,557	132138,886	132139,567	0,000	48092,218	48093,218	48098,259	48098,557	48098,887	48099,567	19,605	2,981	19,207	2,791	25,000	0,000	0,808	0,243	1,000	886,000	394,000	960,000	373,333
240,000	490,000	730,000	3,524	77,551	151,520	3,000	67,917	23,029	6,008	22,961	67,925	380,000	0,000	132146,001	132147,002	132150,940	132151,187	132151,567	132151,688	0,000	48106,001	48107,002	48110,940	48111,187	48111,567	48111,689	27,339	2,503	27,295	2,477	25,000	0,000	8,635	7,907	1,000	1063,000	302,000	960,000	373,333
380,000	620,000	1000,000	1,022	74,194	137,078	4,000	63,870	20,709	8,344	20,625	63,802	460,000	0,000	132157,352	132158,353	132200,444	132200,829	132201,289	132201,457	0,000	48117,352	48118,353	48120,444	48120,829	48121,289	48121,457	25,905	3,347	25,825	3,352	25,000	0,000	4,733	4,770	1,000	967,000	409,000	960,000	373,333
300,000	630,000	930,000	1,382	55,556	105,304	7,000	62,876	18,875	10,397	18,573	62,895	350,000	0,000	132209,028	132210,027	132214,902	132215,207	132215,557	132215,847	0,000	48129,028	48130,028	48134,903	48135,207	48135,557	48135,847	21,408	3,548	21,149	3,409	25,000	0,000	1,368	0,677	1,000	931,000	413,000	960,000	373,333
230,000	720,000	950,000	3,033	69,444	135,671	6,000	64,628	22,101	6,945	22,025	64,563	500,000	0,000	132222,742	132223,742	132226,760	132226,997	132227,497	132227,728	0,000	48142,742	48143,742	48146,760	48146,997	48147,497	48147,728	26,551	4,022	26,467	4,022	25,000	0,000	0,528	0,323	1,000	993,000	476,000	960,000	373,333
300,000	540,000	840,000	3,846	68,519	89,456	2,000	58,771	15,994	13,757	15,212	58,452	370,000	0,000	132235,391	132236,392	132240,763	132241,067	132241,437	132241,617	0,000	48155,391	48156,392	48160,763	48161,067	48161,437	48161,617	17,945	3,853	17,175	3,797	25,000	0,000	6,235	6,782	1,000	824,000	359,000	960,000	373,333
250,000	730,000	980,000	2,454	38,356	120,240	7,000	64,270	21,730	9,958	19,012	65,898	280,000	0,000	132246,250	132247,250	132253,046	132253,297	132253,577	132254,037	0,000	48166,250	48167,250	48173,046	48173,297	48173,577	48174,037	26,411	3,629	24,437	2,714	25,000	0,000	82,043	79,302	1,000	970,000	460,000	960,000	373,333
280,000	1010,000	1290,000	3,043	56,436	103,293	11,000	67,140	21,084	8,247	20,723	67,687	570,000	0,000	132258,518	132259,518	132305,265	132305,549	132306,119	132306,568	0,000	48178,518	48179,518	48185,265	48185,549	48186,119	48186,568	23,964	2,250	23,766	1,805	25,000	0,000	0,159	0,430	1,000	1068,000	367,000	960,000	373,333
310,000	420,000	730,000	4,566	88,095	153,344	1,000	67,415	24,658	4,604	24,366	67,784	370,000	0,000	132311,047	132312,047	132314,736	132315,046	132315,416	132315,477	0,000	48191,047	48192,047	48194,736	48195,047	48195,417	48195,477	29,400	3,186	29,277	3,053	25,000	0,000	4,104	8,787	1,000	1096,000	462,000	960,000	373,333
300,000	470,000	770,000	0,996	87,234	125,047	2,000	69,860	19,160	9,974	18,995	70,205	410,000	0,000	132322,206	132323,207	132325,366	132325,667	132326,077	132326,147	0,000	48202,206	48203,207	48205,366	48205,667	48206,077	48206,147	22,870	0,621	22,771	0,548	25,000	0,000	0,740	3,949	1,000	972,000	340,000	960,000	373,333
270,000	690,000	960,000	0,923	34,783	89,207	6,000	67,943	19,760	17,067	11,903	67,495	240,000	0,000	132330,615	132331,615	132334,668	132334,947	132335,187	132335,647	0,000	48210,615	48211,615	48214,668	48214,947	48215,187	48215,647	25,258	1,181	17,809	0,674	25,000	0,000	71,738	70,534	1,000	992,000	366,000	960,000	373,333
260,000	490,000	750,000	2,615	85,714	123,931	2,000	66,686	22,448	6,560	22,409	66,712	420,000	0,000	132340,326	132341,326	132343,891	132344,159	132344,579	132344,658	0,000	48220,326	48221,326	48223,891	48224,159	48224,579	48224,658	27,311	2,926	27,293	2,877	25,000	0,000	4,390	7,179	1,000	1045,000	411,000	960,000	373,333
320,000	370,000	690,000	0,754	97,297	105,740	0,000	66,986	17,965	11,003	17,967	66,986	360,000	0,000	132350,900	132351,900	132357,390	132357,717	132358,078	132358,097	0,000	48230,900	48231,901	48237,390	48237,718	48238,078	48238,097	20,898	1,274	20,901	1,274	25,000	0,000	NaN	6,238	1,000	955,000	347,000	960,000	373,333
320,000	750,000	1070,000	4,134	62,667	108,761	6,000	66,973	22,415	6,652	22,318	66,961	470,000	0,000	132404,096	132405,096	132410,591	132410,917	132411,387	132411,678	0,000	48244,096	48245,096	48250,591	48250,917	48251,387	48251,678	26,128	2,869	26,045	2,832	25,000	0,000	0,403	0,170	1,000	1085,000	296,000	960,000	373,333
280,000	590,000	870,000	2,061	77,966	88,167	2,000	63,660	17,746	11,298	17,672	63,711	460,000	0,000	132419,005	132420,005	132424,043	132424,326	132424,786	132424,927	0,000	48259,005	48260,006	48264,043	48264,327	48264,787	48264,927	20,195	2,812	20,141	2,757	25,000	0,000	0,422	0,740	1,000	917,000	314,000	960,000	373,333
360,000	590,000	950,000	2,804	74,576	101,814	3,000	62,097	17,776	11,263	17,707	62,168	440,000	0,000	132429,418	132430,417	132433,833	132434,198	132434,638	132434,797	0,000	48269,418	48270,417	48273,833	48274,198	48274,638	48274,797	19,745	3,573	19,707	3,513	25,000	0,000	0,026	0,516	1,000	909,000	459,000	960,000	373,333
330,000	560,000	890,000	5,543	26,786	94,670	7,000	61,379	13,929	21,776	7,194	59,690	150,000	0,000	132440,339	132441,339	132446,677	132447,018	132447,168	132447,587	0,000	48280,339	48281,339	48286,677	48287,018	48287,168	48287,587	17,271	1,744	10,926	0,930	25,000	0,000	54,596	51,257	1,000	763,000	368,000	960,000	373,333
320,000	410,000	730,000	1,576	97,561	115,962	0,000	63,807	18,770	10,207	18,763	63,807	400,000	0,000	132452,570	132453,571	132456,810	132457,138	132457,538	132457,557	0,000	48292,570	48293,571	48296,810	48297,138	48297,538	48297,557	22,534	2,987	22,534	2,985	25,000	0,000	NaN	6,583	1,000	905,000	384,000	960,000	373,333
300,000	700,000	1000,000	1,495	72,857	115,788	2,000	66,945	21,585	8,166	20,804	67,565	510,000	0,000	132502,273	132503,273	132507,000	132507,308	132507,818	132508,017	0,000	48302,273	48303,273	48307,000	48307,308	48307,818	48308,017	25,427	2,562	24,788	2,140	25,000	0,000	3,368	0,293	1,000	1006,000	400,000	960,000	373,333
320,000	360,000	680,000	4,820	97,222	111,164	0,000	57,488	15,871	13,098	15,872	57,488	350,000	0,000	132513,189	132514,189	132518,720	132519,048	132519,398	132519,417	0,000	48313,189	48314,189	48318,720	48319,048	48319,398	48319,417	17,128	4,391	17,129	4,390	25,000	0,000	NaN	4,517	1,000	811,000	458,000	960,000	373,333
270,000	730,000	1000,000	0,816	52,055	134,616	4,000	63,458	19,783	10,169	18,801	63,506	380,000	0,000	132526,711	132527,713	132533,277	132533,557	132533,937	132534,297	0,000	48326,711	48327,713	48333,277	48333,557	48333,937	48334,297	22,502	3,657	21,641	3,359	25,000	0,000	2,758	3,811	1,000	937,000	391,000	960,000	373,333
350,000	680,000	1030,000	4,482	50,000	167,966	6,000	62,515	26,282	4,591	24,379	64,103	340,000	0,000	132538,844	132539,845	132543,401	132543,756	132544,097	132544,447	0,000	48338,844	48339,845	48343,401	48343,757	48344,097	48344,447	28,802	6,672	27,575	4,958	25,000	0,000	5,157	8,122	1,000	1058,000	499,000	960,000	373,333
320,000	410,000	730,000	1,565	97,561	127,614	0,000	65,573	20,538	8,433	20,537	65,573	400,000	0,000	132549,121	132550,122	132552,417	132552,749	132553,149	132553,168	0,000	48349,121	48350,122	48352,417	48352,749	48353,149	48353,168	24,359	2,784	24,359	2,786	25,000	0,000	NaN	3,298	1,000	1003,000	338,000	960,000	373,333
