350,000	410,000	760,000	26,552	46,341	31,200	3,000	12,138	5,682	25,650	3,320	11,862	190,000	0,000	145730,782	145731,783	145735,594	145735,952	145736,142	145736,375	0,000	53850,782	53851,783	53855,594	53855,952	53856,142	53856,375	1,858	5,431	1,189	3,184	25,000	0,000	6,407	7,517	1,000	49,000	621,000	960,000	373,333
290,000	370,000	660,000	18,975	62,162	97,451	4,000	27,555	12,082	18,293	10,677	27,728	230,000	0,000	145742,297	145743,297	145746,666	145746,965	145747,195	145747,343	0,000	53862,297	53863,297	53866,666	53866,965	53867,195	53867,343	6,443	10,014	5,897	8,742	25,000	0,000	1,554	8,543	1,000	415,000	771,000	960,000	373,333
330,000	20,000	350,000	24,969	0,000	0,000	0,000	10,072	0,000	28,970	0,000	10,072	0,000	0,000	145752,985	145753,985	145759,946	145800,283	145800,283	145800,314	0,000	53872,985	53873,985	53879,947	53880,283	53880,283	53880,314	0,000	0,000	0,000	0,000	25,000	0,000	NaN	NaN	1,000	73,000	411,000	960,000	373,333
460,000	20,000	480,000	25,454	0,000	0,000	0,000	8,523	0,000	28,970	0,000	8,523	0,000	0,000	145806,234	145807,233	145809,601	145810,063	145810,063	145810,094	0,000	53886,234	53887,233	53889,601	53890,063	53890,063	53890,094	0,000	0,000	0,000	0,000	25,000	0,000	NaN	NaN	1,000	55,000	367,000	960,000	373,333
290,000	630,000	920,000	2,933	57,143	96,444	6,000	64,682	17,804	11,606	17,364	64,630	360,000	0,000	145814,910	145815,911	145818,090	145818,382	145818,742	145819,023	0,000	53894,910	53895,911	53898,090	53898,382	53898,742	53899,023	20,308	2,278	19,914	2,185	25,000	0,000	4,454	4,516	1,000	896,000	291,000	960,000	373,333
250,000	430,000	680,000	1,578	32,558	93,625	4,000	63,900	18,412	20,719	8,251	58,240	140,000	0,000	145825,461	145826,462	145830,630	145830,883	145831,023	145831,323	0,000	53905,461	53906,462	53910,630	53910,883	53911,023	53911,323	20,868	2,673	10,503	1,898	25,000	0,000	60,465	58,715	1,000	974,000	319,000	960,000	373,333
280,000	320,000	600,000	4,704	59,375	76,663	2,000	62,476	13,783	16,677	12,293	63,457	190,000	0,000	145836,924	145837,923	145841,557	145841,843	145842,033	145842,174	0,000	53916,924	53917,923	53921,557	53921,843	53922,033	53922,174	15,388	1,800	14,287	1,613	25,000	0,000	61,605	63,107	1,000	815,000	290,000	960,000	373,333
320,000	430,000	750,000	9,648	81,395	152,109	2,000	70,712	27,148	1,998	26,972	70,793	350,000	0,000	145847,045	145848,047	145851,869	145852,193	145852,543	145852,633	0,000	53927,045	53928,047	53931,869	53932,193	53932,543	53932,633	29,926	2,053	29,832	2,029	25,000	0,000	0,369	4,934	1,000	1303,000	369,000	960,000	373,333
290,000	410,000	700,000	3,765	82,927	120,349	2,000	69,251	20,889	8,319	20,651	69,615	340,000	0,000	145857,229	145858,229	145902,691	145902,982	145903,322	145903,402	0,000	53937,229	53938,229	53942,691	53942,982	53943,322	53943,403	22,981	1,438	22,850	1,270	25,000	0,000	0,696	5,531	1,000	1093,000	358,000	960,000	373,333
290,000	420,000	710,000	3,118	73,810	125,369	2,000	64,458	17,185	11,867	17,102	64,409	310,000	0,000	145908,069	145909,069	145913,530	145913,823	145914,133	145914,253	0,000	53948,069	53949,069	53953,530	53953,823	53954,133	53954,253	20,083	2,081	20,024	2,079	25,000	0,000	2,729	1,564	1,000	893,000	285,000	960,000	373,333
320,000	510,000	830,000	12,157	84,314	193,448	2,000	72,991	29,800	0,627	29,597	73,313	430,000	0,000	145919,028	145920,028	145922,541	145922,863	145923,293	145923,383	0,000	53959,028	53960,028	53962,541	53962,863	53963,293	53963,383	33,667	1,581	33,569	1,368	25,000	0,000	1,465	2,316	1,000	1392,000	359,000	960,000	373,333
340,000	410,000	750,000	6,981	97,561	122,191	0,000	71,193	24,604	4,369	24,601	71,193	400,000	0,000	145928,697	145929,696	145931,716	145932,063	145932,463	145932,483	0,000	53968,697	53969,696	53971,716	53972,063	53972,463	53972,483	27,931	1,717	27,932	1,717	25,000	0,000	NaN	2,083	1,000	1190,000	280,000	960,000	373,333
310,000	350,000	660,000	2,787	97,143	118,443	0,000	64,373	17,861	11,110	17,860	64,373	340,000	0,000	145936,956	145937,957	145941,069	145941,382	145941,722	145941,742	0,000	53976,956	53977,957	53981,069	53981,382	53981,722	53981,743	21,437	2,167	21,440	2,167	25,000	0,000	NaN	5,099	1,000	908,000	289,000	960,000	373,333
300,000	640,000	940,000	6,527	57,812	130,443	4,000	66,072	23,022	6,537	22,432	65,876	370,000	0,000	145946,225	145947,226	145953,016	145953,323	145953,693	145953,972	0,000	53986,225	53987,226	53993,016	53993,323	53993,693	53993,972	24,837	4,615	24,255	4,473	25,000	0,000	0,740	2,454	1,000	1049,000	159,000	960,000	373,333
290,000	810,000	1100,000	12,239	71,605	165,443	2,000	71,741	31,286	1,702	30,671	71,911	580,000	0,000	145959,439	150000,441	150006,147	150006,443	150007,022	150007,303	0,000	53999,439	54000,441	54006,147	54006,443	54007,023	54007,303	35,103	2,756	34,553	2,525	25,000	0,000	0,715	0,319	1,000	1394,000	405,000	960,000	373,333
370,000	420,000	790,000	4,101	61,905	95,313	2,000	62,522	21,037	11,296	17,674	63,306	260,000	0,000	150012,047	150013,046	150018,101	150018,474	150018,734	150018,903	0,000	54012,047	54013,046	54018,101	54018,474	54018,734	54018,903	24,896	4,333	22,054	4,083	25,000	0,000	89,559	92,748	1,000	972,000	228,000	960,000	373,333
320,000	530,000	850,000	5,378	67,925	148,255	2,000	65,651	24,626	4,765	24,205	66,378	360,000	0,000	150023,497	150024,497	150027,059	150027,385	150027,745	150027,922	0,000	54023,497	54024,497	54027,059	54027,385	54027,745	54027,922	27,647	4,332	27,440	3,854	25,000	0,000	5,489	4,823	1,000	1128,000	282,000	960,000	373,333
310,000	350,000	660,000	1,418	97,143	120,064	0,000	67,662	19,290	9,681	19,289	67,662	340,000	0,000	150034,509	150035,509	150040,289	150040,603	150040,943	150040,963	0,000	54034,509	54035,509	54040,289	54040,603	54040,943	54040,963	22,365	1,407	22,368	1,408	25,000	0,000	NaN	3,123	1,000	1001,000	344,000	960,000	373,333
310,000	410,000	720,000	4,689	95,122	121,107	1,000	69,169	21,593	7,387	21,583	69,169	390,000	0,000	150045,429	150046,429	150051,925	150052,242	150052,633	150052,663	0,000	54045,429	54046,429	54051,925	54052,243	54052,633	54052,663	24,472	1,493	24,470	1,490	25,000	0,000	NaN	1,309	1,000	1126,000	389,000	960,000	373,333
320,000	440,000	760,000	1,153	97,727	103,954	0,000	66,064	19,366	9,605	19,365	66,064	430,000	0,000	150058,843	150059,843	150104,149	150104,473	150104,902	150104,923	0,000	54058,843	54059,843	54064,149	54064,473	54064,903	54064,923	23,486	1,858	23,486	1,860	25,000	0,000	NaN	2,450	1,000	1001,000	373,000	960,000	373,333
300,000	470,000	770,000	3,497	97,872	105,308	0,000	61,403	16,484	12,489	16,481	61,403	460,000	0,000	150111,190	150112,191	150117,806	150118,113	150118,573	150118,592	0,000	54071,190	54072,191	54077,806	54078,113	54078,573	54078,592	20,139	2,559	20,138	2,559	25,000	0,000	NaN	0,746	1,000	868,000	457,000	960,000	373,333
300,000	390,000	690,000	4,071	97,436	118,557	0,000	67,083	21,794	7,179	21,791	67,083	380,000	0,000	150123,122	150124,122	150128,568	150128,872	150129,252	150129,272	0,000	54083,122	54084,122	54088,568	54088,872	54089,252	54089,273	24,500	2,672	24,501	2,672	25,000	0,000	NaN	0,219	1,000	1097,000	420,000	960,000	373,333
270,000	490,000	760,000	4,974	77,551	130,188	3,000	67,884	22,935	6,109	22,861	67,954	380,000	0,000	150134,758	150135,760	150139,354	150139,633	150140,013	150140,132	0,000	54094,758	54095,760	54099,354	54099,633	54100,013	54100,132	26,383	2,363	26,314	2,363	25,000	0,000	3,935	3,998	1,000	1125,000	437,000	960,000	373,333
310,000	450,000	760,000	5,933	44,444	102,584	3,000	64,958	22,528	13,707	15,263	66,010	200,000	0,000	150144,596	150145,597	150150,780	150151,094	150151,294	150151,552	0,000	54104,596	54105,597	54110,780	54111,094	54111,294	54111,553	25,510	3,630	19,136	2,082	25,000	0,000	92,209	90,263	1,000	1124,000	506,000	960,000	373,333
280,000	550,000	830,000	5,811	80,000	123,893	2,000	67,193	26,651	2,913	26,056	67,662	440,000	0,000	150157,573	150158,574	150202,011	150202,293	150202,733	150202,853	0,000	54117,573	54118,574	54122,012	54122,293	54122,733	54122,853	30,487	4,220	30,065	4,075	25,000	0,000	0,287	5,308	1,000	1157,000	311,000	960,000	373,333
280,000	430,000	710,000	4,356	41,860	114,002	2,000	63,331	22,889	15,840	13,130	61,969	180,000	0,000	150209,534	150210,533	150214,494	150214,783	150214,963	150215,223	0,000	54129,534	54130,533	54134,494	54134,783	54134,963	54135,223	25,905	4,697	16,722	3,336	25,000	0,000	94,774	92,750	1,000	1099,000	305,000	960,000	373,333
320,000	540,000	860,000	6,041	40,741	112,869	3,000	68,646	23,787	12,828	16,142	71,593	220,000	0,000	150219,685	150220,685	150225,377	150225,703	150225,923	150226,253	0,000	54139,685	54140,685	54145,377	54145,703	54145,923	54146,253	27,956	2,195	21,323	0,865	25,000	0,000	104,381	102,149	1,000	1174,000	355,000	960,000	373,333
360,000	480,000	840,000	2,658	47,917	89,149	2,000	65,436	18,922	14,706	14,264	66,531	230,000	0,000	150231,801	150232,801	150235,269	150235,632	150235,862	150236,123	0,000	54151,801	54152,801	54155,269	54155,632	54155,862	54156,123	23,430	1,576	19,402	0,623	25,000	0,000	70,505	76,124	1,000	1002,000	458,000	960,000	373,333
310,000	560,000	870,000	6,557	53,571	168,650	4,000	62,720	23,833	5,691	23,278	63,435	300,000	0,000	150241,181	150242,182	150244,795	150245,113	150245,413	150245,683	0,000	54161,181	54162,182	54164,795	54165,113	54165,413	54165,683	26,130	5,606	25,857	5,006	25,000	0,000	0,196	4,260	1,000	1123,000	540,000	960,000	373,333
280,000	500,000	780,000	9,495	86,000	166,605	2,000	66,759	28,764	0,397	28,573	67,101	430,000	0,000	150250,477	150251,477	150253,738	150254,022	150254,453	150254,532	0,000	54170,477	54171,477	54173,738	54174,023	54174,453	54174,532	32,768	5,121	32,661	5,028	25,000	0,000	1,663	3,896	1,000	1258,000	532,000	960,000	373,333
290,000	520,000	810,000	11,341	98,077	148,183	0,000	70,027	29,919	0,945	29,915	70,027	510,000	0,000	150259,469	150300,469	150302,813	150303,112	150303,622	150303,643	0,000	54179,469	54180,469	54182,813	54183,112	54183,622	54183,643	34,541	3,460	34,541	3,461	25,000	0,000	NaN	0,906	1,000	1363,000	387,000	960,000	373,333
300,000	450,000	750,000	4,905	91,111	138,179	2,000	65,427	23,897	5,093	23,877	65,469	410,000	0,000	150309,376	150310,377	150313,502	150313,803	150314,213	150314,263	0,000	54189,376	54190,377	54193,502	54193,803	54194,213	54194,263	27,732	3,967	27,734	3,935	25,000	0,000	0,099	2,374	1,000	1119,000	445,000	960,000	373,333
250,000	430,000	680,000	1,469	90,698	99,957	1,000	65,299	17,881	11,114	17,856	65,403	390,000	0,000	150318,717	150319,718	150322,302	150322,552	150322,943	150322,993	0,000	54198,718	54199,718	54202,302	54202,553	54202,943	54202,993	20,561	1,885	20,545	1,884	25,000	0,000	0,319	0,446	1,000	979,000	422,000	960,000	373,333
30,000	500,000	530,000	7,659	82,000	156,777	2,000	69,211	27,351	1,749	27,221	69,301	410,000	0,000	150328,283	150329,283	150332,813	150333,014	150333,424	150333,522	0,000	54208,283	54209,283	54212,813	54213,014	54213,424	54213,523	31,276	3,487	31,209	3,461	25,000	0,000	3,040	5,262	1,000	1221,000	451,000	960,000	373,333
280,000	420,000	700,000	3,732	97,619	73,735	0,000	60,793	13,148	15,823	13,147	60,793	410,000	0,000	150338,282	150339,282	150344,241	150344,524	150344,934	150344,953	0,000	54218,282	54219,282	54224,241	54224,524	54224,934	54224,953	14,653	1,774	14,653	1,770	25,000	0,000	NaN	0,555	1,000	830,000	400,000	960,000	373,333
340,000	490,000	830,000	3,345	83,673	110,465	2,000	65,648	21,995	7,076	21,894	65,815	410,000	0,000	150349,410	150350,410	150352,837	150353,183	150353,593	150353,683	0,000	54229,411	54230,410	54232,837	54233,183	54233,593	54233,683	24,920	3,517	24,872	3,416	25,000	0,000	1,676	0,126	1,000	1075,000	343,000	960,000	373,333
270,000	790,000	1060,000	10,591	17,722	171,608	6,000	70,370	33,349	13,433	15,536	76,222	140,000	0,000	150400,550	150401,551	150406,130	150406,403	150406,543	150407,203	0,000	54240,550	54241,551	54246,131	54246,403	54246,543	54247,203	35,525	4,783	19,516	1,465	25,000	0,000	125,758	124,529	1,000	1336,000	394,000	960,000	373,333
280,000	420,000	700,000	2,148	97,619	116,319	0,000	68,114	20,180	8,789	20,180	68,114	410,000	0,000	150413,823	150414,823	150417,558	150417,843	150418,253	150418,273	0,000	54253,823	54254,824	54257,558	54257,843	54258,253	54258,273	26,666	0,506	26,668	0,506	25,000	0,000	NaN	2,966	1,000	1024,000	415,000	960,000	373,333
260,000	380,000	640,000	1,807	97,368	121,673	0,000	62,891	19,481	9,489	19,480	62,891	370,000	0,000	150425,680	150426,681	150431,450	150431,713	150432,083	150432,105	0,000	54265,681	54266,681	54271,450	54271,713	54272,083	54272,105	22,956	3,151	22,959	3,151	25,000	0,000	NaN	4,876	1,000	978,000	435,000	960,000	373,333
250,000	490,000	740,000	1,439	73,469	103,194	2,000	64,956	19,495	9,698	19,272	64,915	360,000	0,000	150438,135	150439,135	150442,710	150442,964	150443,324	150443,464	0,000	54278,135	54279,135	54282,710	54282,964	54283,324	54283,464	23,626	2,081	23,480	2,018	25,000	0,000	6,017	4,846	1,000	967,000	424,000	960,000	373,333
280,000	500,000	780,000	2,910	98,000	103,208	0,000	62,931	16,374	12,599	16,371	62,931	490,000	0,000	150447,919	150448,919	150454,022	150454,303	150454,793	150454,813	0,000	54287,920	54288,919	54294,022	54294,303	54294,793	54294,813	20,364	1,716	20,363	1,716	25,000	0,000	NaN	0,492	1,000	894,000	453,000	960,000	373,333
110,000	730,000	840,000	7,781	34,247	135,849	8,000	67,212	28,574	9,328	19,642	71,344	250,000	0,000	150500,458	150501,459	150507,261	150507,462	150507,712	150508,194	0,000	54300,458	54301,459	54307,261	54307,462	54307,712	54308,194	34,089	4,505	26,651	2,293	25,000	0,000	116,424	116,814	1,000	1214,000	483,000	960,000	373,333
330,000	400,000	730,000	1,589	97,500	111,353	0,000	63,458	19,711	9,261	19,709	63,458	390,000	0,000	150512,999	150513,999	150519,602	150519,933	150520,323	150520,343	0,000	54312,999	54313,999	54319,602	54319,933	54320,323	54320,343	23,038	3,123	23,038	3,124	25,000	0,000	NaN	2,983	1,000	1003,000	410,000	960,000	373,333
260,000	580,000	840,000	3,807	63,793	144,176	3,000	66,738	25,121	4,516	24,454	66,859	370,000	0,000	150525,172	150526,172	150531,446	150531,712	150532,082	150532,303	0,000	54325,172	54326,172	54331,446	54331,712	54332,082	54332,303	28,773	3,797	28,193	3,765	25,000	0,000	9,476	7,466	1,000	1080,000	436,000	960,000	373,333
360,000	560,000	920,000	3,799	71,429	103,344	2,000	60,863	16,799	12,659	16,311	61,155	400,000	0,000	150536,938	150537,937	150540,275	150540,642	150541,042	150541,213	0,000	54336,938	54337,937	54340,275	54340,642	54341,042	54341,213	20,618	2,812	20,257	2,586	25,000	0,000	1,965	1,425	1,000	884,000	485,000	960,000	373,333
330,000	400,000	730,000	4,350	97,500	143,398	0,000	67,617	23,259	5,711	23,259	67,617	390,000	0,000	150547,359	150548,359	150553,580	150553,913	150554,303	150554,323	0,000	54347,359	54348,359	54353,580	54353,913	54354,303	54354,323	27,318	2,476	27,322	2,477	25,000	0,000	NaN	5,549	1,000	1113,000	396,000	960,000	373,333
360,000	700,000	1060,000	5,200	50,000	141,067	8,000	71,028	24,602	5,046	23,924	70,875	350,000	0,000	150558,794	150559,794	150604,467	150604,834	150605,184	150605,542	0,000	54358,794	54359,795	54364,467	54364,834	54365,184	54365,542	26,833	2,194	26,203	2,081	25,000	0,000	3,137	3,721	1,000	1131,000	303,000	960,000	373,333
260,000	400,000	660,000	6,012	95,000	133,484	1,000	66,416	24,520	4,461	24,508	66,416	380,000	0,000	150609,995	150610,996	150615,418	150615,684	150616,063	150616,093	0,000	54369,995	54370,996	54375,419	54375,684	54376,064	54376,093	26,947	4,585	26,948	4,575	25,000	0,000	NaN	2,351	1,000	1156,000	288,000	960,000	373,333
30,000	470,000	500,000	2,340	48,936	85,959	2,000	60,460	17,034	20,921	8,049	55,721	230,000	0,000	150620,551	150621,551	150624,799	150625,000	150625,230	150625,473	0,000	54380,551	54381,551	54384,799	54385,000	54385,230	54385,473	22,359	2,899	13,398	1,595	25,000	0,000	50,859	52,853	1,000	877,000	379,000	960,000	373,333
280,000	420,000	700,000	0,200	97,619	113,858	0,000	63,789	19,358	9,614	19,355	63,789	410,000	0,000	150632,356	150633,356	150637,715	150638,004	150638,414	150638,433	0,000	54392,356	54393,357	54397,715	54398,004	54398,414	54398,433	23,375	2,784	23,375	2,784	25,000	0,000	NaN	1,235	1,000	967,000	372,000	960,000	373,333
250,000	550,000	800,000	8,731	74,545	170,246	2,000	67,531	29,618	0,148	29,118	67,970	410,000	0,000	150645,194	150646,195	150651,320	150651,572	150651,982	150652,132	0,000	54405,194	54406,195	54411,320	54411,572	54411,982	54412,132	33,103	5,093	32,805	4,821	25,000	0,000	16,137	15,838	1,000	1254,000	473,000	960,000	373,333
340,000	1090,000	1430,000	7,004	18,349	138,255	9,000	69,196	27,518	8,716	20,254	73,715	200,000	0,000	150658,914	150659,914	150703,392	150703,734	150703,934	150704,832	0,000	54418,914	54419,914	54423,392	54423,734	54423,934	54424,832	30,938	3,284	25,030	1,343	25,000	0,000	135,287	135,587	1,000	1208,000	396,000	960,000	373,333
290,000	410,000	700,000	6,587	97,561	132,604	0,000	67,199	24,408	4,569	24,401	67,199	400,000	0,000	150709,301	150710,300	150713,178	150713,473	150713,873	150713,893	0,000	54429,301	54430,300	54433,178	54433,473	54433,873	54433,893	27,596	3,461	27,595	3,459	25,000	0,000	NaN	3,580	1,000	1171,000	475,000	960,000	373,333
390,000	500,000	890,000	8,682	84,000	133,737	2,000	69,659	26,579	2,498	26,472	69,870	420,000	0,000	150718,613	150719,614	150723,863	150724,263	150724,683	150724,773	0,000	54438,613	54439,614	54443,863	54444,263	54444,683	54444,773	30,122	2,730	30,071	2,638	25,000	0,000	1,097	0,975	1,000	1266,000	414,000	960,000	373,333
360,000	580,000	940,000	2,624	84,483	120,444	2,000	66,567	20,889	8,095	20,875	66,612	490,000	0,000	150729,228	150730,228	150732,436	150732,803	150733,293	150733,393	0,000	54449,228	54450,228	54452,436	54452,803	54453,293	54453,393	24,300	2,476	24,301	2,448	25,000	0,000	0,145	0,138	1,000	1047,000	407,000	960,000	373,333
340,000	380,000	720,000	6,227	52,632	57,390	2,000	60,919	11,908	19,767	9,203	60,353	200,000	0,000	150739,958	150740,959	150745,493	150745,844	150746,044	150746,233	0,000	54459,958	54460,959	54465,493	54465,844	54466,044	54466,233	14,655	1,041	12,155	0,743	25,000	0,000	43,015	45,446	1,000	739,000	387,000	960,000	373,333
350,000	440,000	790,000	7,608	86,364	168,052	2,000	67,203	25,920	3,092	25,878	67,226	380,000	0,000	150753,687	150754,687	150758,190	150758,543	150758,924	150758,993	0,000	54473,687	54474,687	54478,190	54478,544	54478,924	54478,993	28,098	4,333	28,075	4,285	25,000	0,000	0,343	0,158	1,000	1230,000	390,000	960,000	373,333
300,000	350,000	650,000	3,661	97,143	110,709	0,000	60,673	16,491	12,481	16,489	60,673	340,000	0,000	150803,839	150804,839	150809,243	150809,552	150809,892	150809,912	0,000	54483,839	54484,839	54489,243	54489,553	54489,893	54489,912	19,270	3,380	19,271	3,382	25,000	0,000	NaN	5,236	1,000	862,000	459,000	960,000	373,333
290,000	770,000	1060,000	6,801	48,052	162,035	6,000	66,710	27,436	2,174	26,796	66,825	370,000	0,000	150815,299	150816,299	150821,697	150821,993	150822,363	150822,773	0,000	54495,299	54496,299	54501,697	54501,993	54502,363	54502,773	29,279	5,232	28,766	4,982	25,000	0,000	6,497	5,188	1,000	1199,000	410,000	960,000	373,333
300,000	390,000	690,000	7,932	97,436	139,374	0,000	67,119	25,258	3,713	25,257	67,119	380,000	0,000	150828,280	150829,280	150835,193	150835,503	150835,883	150835,903	0,000	54508,280	54509,281	54515,193	54515,503	54515,883	54515,903	28,182	4,024	28,181	4,026	25,000	0,000	NaN	7,850	1,000	1242,000	371,000	960,000	373,333
