3010,000	20,000	3030,000	25,344	0,000	0,000	0,000	8,624	0,000	28,970	0,000	8,624	0,000	0,000	152046,081	152047,080	152049,624	152052,644	152052,644	152052,672	0,000	55246,081	55247,080	55249,624	55252,644	55252,644	55252,673	0,000	0,000	0,000	0,000	25,000	0,000	NaN	NaN	1,000	59,000	389,000	960,000	373,333
450,000	20,000	470,000	26,105	0,000	0,000	0,000	6,259	0,000	28,970	0,000	6,259	0,000	0,000	152057,563	152058,564	152103,004	152103,463	152103,463	152103,493	0,000	55257,563	55258,564	55263,004	55263,463	55263,463	55263,493	0,000	0,000	0,000	0,000	25,000	0,000	NaN	NaN	1,000	34,000	310,000	960,000	373,333
330,000	400,000	730,000	25,545	47,500	23,065	3,000	8,622	4,890	25,568	3,402	8,810	190,000	0,000	152111,501	152112,501	152114,662	152114,994	152115,184	152115,403	0,000	55271,501	55272,501	55274,662	55274,994	55275,184	55275,403	0,368	4,897	0,197	3,419	25,000	0,000	19,515	20,340	1,000	75,000	169,000	960,000	373,333
330,000	520,000	850,000	25,331	36,538	9,924	5,000	9,399	2,862	27,716	1,254	10,021	190,000	0,000	152119,926	152120,925	152123,664	152124,003	152124,193	152124,534	0,000	55279,926	55280,925	55283,664	55284,003	55284,193	55284,534	0,197	2,873	0,041	1,270	25,000	0,000	5,493	7,590	1,000	71,000	229,000	960,000	373,333
560,000	230,000	790,000	27,026	73,913	6,435	1,000	13,258	0,750	28,440	0,529	13,472	170,000	0,000	152129,661	152130,660	152134,158	152134,724	152134,894	152134,964	0,000	55289,661	55290,660	55294,158	55294,724	55294,894	55294,964	1,012	0,570	1,013	0,344	25,000	0,000	2,536	0,906	1,000	0,000	331,000	960,000	373,333
2220,000	460,000	2680,000	25,031	41,304	3,325	5,000	10,231	0,680	28,662	0,308	8,951	190,000	0,000	152139,486	152140,487	152144,461	152146,683	152146,873	152147,152	0,000	55299,486	55300,487	55304,461	55306,683	55306,873	55307,153	1,072	0,538	0,752	0,219	25,000	0,000	0,553	1,196	1,000	70,000	374,000	960,000	373,333
390,000	430,000	820,000	13,337	97,674	25,843	0,000	49,350	6,670	22,300	6,670	49,350	420,000	0,000	152151,669	152152,669	152157,254	152157,653	152158,073	152158,092	0,000	55311,669	55312,670	55317,254	55317,653	55318,073	55318,092	8,074	1,720	8,075	1,718	25,000	0,000	NaN	4,934	1,000	488,000	419,000	960,000	373,333
350,000	400,000	750,000	18,320	90,000	19,169	1,000	35,852	3,539	25,457	3,512	35,916	360,000	0,000	152205,201	152206,200	152211,672	152212,023	152212,383	152212,434	0,000	55325,201	55326,200	55331,672	55332,023	55332,383	55332,434	4,894	1,295	4,893	1,269	25,000	0,000	0,319	0,014	1,000	311,000	429,000	960,000	373,333
280,000	460,000	740,000	12,929	97,826	45,149	0,000	45,275	9,975	18,996	9,974	45,275	450,000	0,000	152217,859	152218,859	152221,954	152222,244	152222,694	152222,712	0,000	55337,859	55338,859	55341,954	55342,244	55342,694	55342,712	11,392	4,249	11,393	4,248	25,000	0,000	NaN	7,077	1,000	524,000	519,000	960,000	373,333
330,000	420,000	750,000	9,893	26,190	69,223	4,000	51,719	11,704	25,079	3,890	49,657	110,000	0,000	152227,248	152228,248	152234,215	152234,554	152234,664	152234,985	0,000	55347,248	55348,248	55354,215	55354,554	55354,664	55354,985	12,628	4,116	5,929	0,751	25,000	0,000	30,056	35,376	1,000	615,000	442,000	960,000	373,333
200,000	520,000	720,000	4,939	82,692	141,724	2,000	61,010	23,002	6,120	22,849	61,047	430,000	0,000	152241,477	152242,478	152247,486	152247,693	152248,123	152248,223	0,000	55361,477	55362,478	55367,486	55367,693	55368,123	55368,223	27,872	5,682	27,817	5,604	25,000	0,000	8,098	10,757	1,000	978,000	548,000	960,000	373,333
260,000	430,000	690,000	7,667	79,070	95,438	1,000	52,887	14,776	14,652	14,318	53,295	340,000	0,000	152252,752	152253,752	152258,595	152258,862	152259,202	152259,305	0,000	55372,752	55373,752	55378,595	55378,862	55379,202	55379,305	16,712	4,875	16,466	4,469	25,000	0,000	3,460	2,399	1,000	742,000	537,000	960,000	373,333
290,000	310,000	600,000	6,387	38,710	125,368	3,000	56,190	18,137	17,160	11,810	57,123	120,000	0,000	152304,519	152305,520	152309,674	152309,974	152310,094	152310,292	0,000	55384,519	55385,520	55389,674	55389,974	55390,094	55390,292	18,034	6,360	12,970	4,227	25,000	0,000	105,678	106,964	1,000	850,000	572,000	960,000	373,333
310,000	520,000	830,000	5,151	71,154	74,495	2,000	60,809	14,617	15,428	13,542	61,162	370,000	0,000	152318,312	152319,312	152323,900	152324,214	152324,584	152324,744	0,000	55398,312	55399,312	55403,900	55404,214	55404,584	55404,744	18,144	2,197	17,281	1,770	25,000	0,000	0,613	5,509	1,000	784,000	424,000	960,000	373,333
240,000	660,000	900,000	2,813	48,485	96,564	5,000	60,951	18,356	12,120	16,850	61,144	320,000	0,000	152331,785	152332,786	152337,944	152338,193	152338,513	152338,864	0,000	55411,785	55412,786	55417,944	55418,193	55418,513	55418,864	20,814	3,938	19,694	3,132	25,000	0,000	8,324	6,059	1,000	920,000	465,000	960,000	373,333
280,000	610,000	890,000	4,078	42,623	187,028	7,000	69,247	28,595	3,384	25,586	72,173	260,000	0,000	152343,385	152344,385	152350,041	152350,324	152350,584	152350,944	0,000	55423,385	55424,385	55430,041	55430,324	55430,584	55430,944	29,088	5,093	26,988	2,562	25,000	0,000	3,665	7,143	1,000	1102,000	344,000	960,000	373,333
260,000	540,000	800,000	2,746	59,259	71,451	4,000	58,594	17,740	14,796	14,173	57,966	320,000	0,000	152355,477	152356,477	152402,350	152402,614	152402,934	152403,164	0,000	55435,477	55436,477	55442,350	55442,614	55442,934	55443,164	18,061	5,512	14,876	4,253	25,000	0,000	14,220	26,719	1,000	873,000	329,000	960,000	373,333
280,000	430,000	710,000	1,224	65,116	139,178	2,000	61,026	20,532	9,264	19,706	62,357	280,000	0,000	152411,193	152412,194	152415,780	152416,062	152416,342	152416,505	0,000	55451,194	55452,194	55455,780	55456,062	55456,342	55456,505	21,095	5,822	20,812	4,789	25,000	0,000	16,252	13,668	1,000	918,000	362,000	960,000	373,333
210,000	400,000	610,000	6,520	92,500	180,573	1,000	65,295	26,070	2,973	25,997	65,295	370,000	0,000	152421,031	152422,032	152424,264	152424,483	152424,853	152424,893	0,000	55461,031	55462,032	55464,264	55464,483	55464,853	55464,893	31,651	4,784	31,634	4,769	25,000	0,000	NaN	6,742	1,000	1143,000	231,000	960,000	373,333
260,000	500,000	760,000	2,179	44,000	147,643	6,000	67,875	16,850	16,042	12,928	65,416	220,000	0,000	152430,197	152431,196	152435,787	152436,054	152436,274	152436,563	0,000	55470,197	55471,196	55475,787	55476,054	55476,274	55476,563	16,768	1,801	12,721	1,332	25,000	0,000	10,084	3,646	1,000	1000,000	307,000	960,000	373,333
250,000	370,000	620,000	4,718	97,297	177,114	0,000	66,264	23,896	5,073	23,897	66,264	360,000	0,000	152441,103	152442,104	152445,606	152445,864	152446,224	152446,244	0,000	55481,104	55482,104	55485,606	55485,864	55486,224	55486,244	26,999	3,657	27,000	3,655	25,000	0,000	NaN	4,866	1,000	1105,000	289,000	960,000	373,333
180,000	570,000	750,000	1,918	47,368	121,556	6,000	65,133	18,045	13,987	14,983	62,722	270,000	0,000	152452,917	152453,916	152457,662	152457,864	152458,134	152458,444	0,000	55492,917	55493,916	55497,662	55497,864	55498,134	55498,444	21,521	1,941	18,290	1,656	25,000	0,000	0,607	8,529	1,000	893,000	386,000	960,000	373,333
280,000	300,000	580,000	2,186	93,333	147,134	1,000	69,600	19,898	9,086	19,884	69,600	280,000	0,000	152502,971	152503,971	152508,494	152508,783	152509,063	152509,092	0,000	55502,971	55503,971	55508,494	55508,783	55509,063	55509,092	22,172	0,815	22,177	0,815	25,000	0,000	NaN	6,451	1,000	1035,000	353,000	960,000	373,333
260,000	690,000	950,000	2,514	37,681	190,297	5,000	70,360	27,999	4,679	24,291	71,373	260,000	0,000	152513,614	152514,614	152518,425	152518,693	152518,953	152519,393	0,000	55513,614	55514,614	55518,425	55518,693	55518,953	55519,393	30,150	3,040	26,910	1,534	25,000	0,000	14,857	12,830	1,000	1045,000	401,000	960,000	373,333
290,000	500,000	790,000	5,873	72,000	96,645	3,000	61,420	12,456	16,581	12,388	61,503	360,000	0,000	152523,913	152524,912	152529,917	152530,214	152530,574	152530,725	0,000	55523,913	55524,912	55529,917	55530,214	55530,574	55530,725	13,867	1,576	13,830	1,519	25,000	0,000	0,096	0,754	1,000	756,000	418,000	960,000	373,333
290,000	630,000	920,000	6,108	52,381	138,566	3,000	67,649	23,875	7,641	21,329	67,109	330,000	0,000	152535,702	152536,702	152539,274	152539,573	152539,903	152540,213	0,000	55535,702	55536,702	55539,274	55539,573	55539,903	55540,213	27,593	2,672	25,112	2,422	25,000	0,000	9,234	8,948	1,000	1177,000	382,000	960,000	373,333
260,000	790,000	1050,000	3,193	32,911	179,921	8,000	66,286	26,868	6,690	22,280	65,641	260,000	0,000	152545,637	152546,637	152551,118	152551,383	152551,643	152552,183	0,000	55545,637	55546,637	55551,118	55551,383	55551,643	55552,183	28,406	5,344	24,111	4,084	25,000	0,000	20,935	18,007	1,000	848,000	392,000	960,000	373,333
260,000	290,000	550,000	9,517	96,552	83,006	0,000	57,712	10,521	18,446	10,524	57,712	280,000	0,000	152558,829	152559,829	152604,812	152605,074	152605,354	152605,374	0,000	55558,829	55559,829	55564,812	55565,074	55565,354	55565,374	13,761	0,957	13,766	0,958	25,000	0,000	NaN	8,187	1,000	623,000	404,000	960,000	373,333
270,000	390,000	660,000	0,319	71,795	173,515	2,000	68,081	24,374	6,154	22,816	69,720	280,000	0,000	152609,897	152610,898	152613,052	152613,322	152613,602	152613,724	0,000	55569,898	55570,898	55573,052	55573,322	55573,602	55573,724	28,322	2,785	27,261	2,425	25,000	0,000	12,029	25,294	1,000	950,000	368,000	960,000	373,333
270,000	300,000	570,000	4,844	93,333	110,383	1,000	63,435	13,767	15,213	13,756	63,435	280,000	0,000	152620,049	152621,049	152623,514	152623,793	152624,073	152624,102	0,000	55580,049	55581,049	55583,514	55583,793	55584,073	55584,102	16,627	0,759	16,628	0,761	25,000	0,000	NaN	3,624	1,000	788,000	382,000	960,000	373,333
250,000	610,000	860,000	2,980	22,951	81,827	4,000	62,118	16,353	20,984	7,986	61,124	140,000	0,000	152628,623	152629,623	152634,169	152634,423	152634,563	152635,043	0,000	55588,623	55589,623	55594,169	55594,423	55594,563	55595,043	19,717	2,306	12,058	0,390	25,000	0,000	64,784	62,779	1,000	863,000	416,000	960,000	373,333
300,000	970,000	1270,000	2,930	26,804	155,918	10,000	63,210	23,635	7,969	21,001	65,770	260,000	0,000	152639,582	152640,583	152643,825	152644,135	152644,395	152645,113	0,000	55599,582	55600,583	55603,825	55604,135	55604,395	55605,113	25,848	5,290	24,211	3,261	25,000	0,000	22,184	19,087	1,000	873,000	316,000	960,000	373,333
270,000	320,000	590,000	8,766	96,875	79,122	0,000	53,978	11,881	17,091	11,879	53,978	310,000	0,000	152649,639	152650,638	152653,837	152654,115	152654,425	152654,444	0,000	55609,639	55610,638	55613,837	55614,115	55614,425	55614,444	14,011	3,065	14,012	3,066	25,000	0,000	NaN	6,220	1,000	664,000	471,000	960,000	373,333
290,000	470,000	760,000	6,712	48,936	57,334	4,000	58,624	11,912	18,225	10,745	59,015	230,000	0,000	152658,967	152659,967	152704,987	152705,283	152705,513	152705,763	0,000	55618,967	55619,967	55624,987	55625,283	55625,513	55625,763	14,064	1,857	13,188	1,504	25,000	0,000	47,453	47,524	1,000	733,000	447,000	960,000	373,333
300,000	420,000	720,000	5,874	66,667	132,448	2,000	64,761	19,589	11,179	17,791	65,685	280,000	0,000	152710,296	152711,297	152715,574	152715,884	152716,164	152716,312	0,000	55630,297	55631,297	55635,574	55635,884	55636,164	55636,312	22,445	2,644	21,003	2,389	25,000	0,000	13,461	13,688	1,000	777,000	474,000	960,000	373,333
260,000	560,000	820,000	2,235	55,357	121,917	5,000	62,329	17,480	11,895	17,075	62,662	310,000	0,000	152720,892	152721,893	152724,502	152724,765	152725,075	152725,333	0,000	55640,892	55641,893	55644,502	55644,765	55645,075	55645,333	21,124	2,814	20,856	2,475	25,000	0,000	3,607	6,578	1,000	881,000	382,000	960,000	373,333
260,000	330,000	590,000	8,950	39,394	88,223	4,000	58,809	13,524	19,694	9,276	59,266	130,000	0,000	152732,059	152733,060	152737,596	152737,863	152737,993	152738,204	0,000	55652,059	55653,060	55657,596	55657,863	55657,993	55658,204	15,976	2,306	12,453	1,251	25,000	0,000	71,416	77,866	1,000	644,000	411,000	960,000	373,333
100,000	380,000	480,000	4,581	81,579	122,195	2,000	62,752	19,693	9,888	19,081	63,353	310,000	0,000	152742,745	152743,746	152746,902	152747,103	152747,413	152747,493	0,000	55662,745	55663,746	55666,902	55667,103	55667,413	55667,493	25,008	3,322	24,681	3,120	25,000	0,000	2,063	23,768	1,000	799,000	398,000	960,000	373,333
210,000	700,000	910,000	7,286	37,143	92,229	11,000	55,530	13,767	16,990	11,980	56,031	260,000	0,000	152756,469	152757,469	152801,506	152801,722	152801,982	152802,433	0,000	55676,469	55677,469	55681,506	55681,722	55681,982	55682,433	15,808	3,881	14,400	2,900	25,000	0,000	9,139	9,305	1,000	704,000	413,000	960,000	373,333
280,000	1000,000	1280,000	2,733	26,000	178,026	12,000	67,511	23,957	6,984	21,985	68,495	260,000	0,000	152806,956	152807,957	152813,444	152813,733	152813,993	152814,743	0,000	55686,956	55687,957	55693,444	55693,733	55693,993	55694,743	25,145	3,684	23,592	2,607	25,000	0,000	29,764	26,845	1,000	943,000	469,000	960,000	373,333
260,000	520,000	780,000	5,560	42,308	71,665	4,000	54,912	14,987	17,209	11,761	56,459	220,000	0,000	152819,908	152820,908	152826,717	152826,984	152827,204	152827,513	0,000	55699,908	55700,908	55706,717	55706,984	55707,204	55707,513	17,299	4,477	15,036	2,819	25,000	0,000	54,367	58,095	1,000	763,000	390,000	960,000	373,333
280,000	470,000	750,000	4,724	59,574	184,917	2,000	66,334	26,443	6,004	22,965	67,315	280,000	0,000	152832,034	152833,033	152836,577	152836,863	152837,143	152837,343	0,000	55712,034	55713,034	55716,577	55716,863	55717,143	55717,343	29,281	4,697	26,233	4,031	25,000	0,000	20,262	17,067	1,000	861,000	509,000	960,000	373,333
210,000	460,000	670,000	6,855	60,870	58,295	2,000	57,348	12,869	19,778	9,192	53,967	280,000	0,000	152843,743	152844,744	152850,274	152850,493	152850,773	152850,964	0,000	55723,743	55724,744	55730,274	55730,493	55730,773	55730,964	16,431	2,198	12,838	1,346	25,000	0,000	5,040	15,362	1,000	735,000	467,000	960,000	373,333
260,000	570,000	830,000	6,932	49,123	107,894	7,000	60,396	13,877	15,327	13,642	60,780	280,000	0,000	152856,471	152857,471	152901,798	152902,062	152902,342	152902,644	0,000	55736,471	55737,471	55741,798	55742,062	55742,342	55742,644	16,678	1,971	16,584	1,859	25,000	0,000	7,062	5,266	1,000	718,000	420,000	960,000	373,333
290,000	530,000	820,000	6,119	60,377	95,321	3,000	59,617	14,079	15,410	13,559	60,734	320,000	0,000	152907,174	152908,176	152912,804	152913,103	152913,422	152913,643	0,000	55747,175	55748,176	55752,804	55753,103	55753,423	55753,643	17,972	1,974	17,787	1,284	25,000	0,000	0,387	2,604	1,000	760,000	459,000	960,000	373,333
270,000	520,000	790,000	1,823	63,462	122,588	3,000	65,417	18,552	11,076	17,894	66,717	330,000	0,000	152918,169	152919,169	152923,648	152923,923	152924,253	152924,453	0,000	55758,169	55759,169	55763,648	55763,923	55764,253	55764,453	22,363	1,895	22,078	1,065	25,000	0,000	1,762	3,095	1,000	940,000	435,000	960,000	373,333
330,000	500,000	830,000	6,669	72,000	155,522	2,000	70,203	25,048	4,914	24,056	70,371	360,000	0,000	152928,976	152929,976	152932,177	152932,515	152932,875	152933,024	0,000	55768,976	55769,976	55772,177	55772,515	55772,875	55773,024	29,000	1,999	28,182	1,556	25,000	0,000	4,089	3,664	1,000	1190,000	431,000	960,000	373,333
240,000	340,000	580,000	3,526	94,118	133,481	1,000	66,329	21,438	7,551	21,418	66,329	320,000	0,000	152939,523	152940,523	152944,383	152944,633	152944,953	152944,984	0,000	55779,523	55780,523	55784,383	55784,633	55784,953	55784,984	24,813	2,644	24,811	2,645	25,000	0,000	NaN	4,319	1,000	1041,000	469,000	960,000	373,333
260,000	390,000	650,000	6,492	87,179	139,132	2,000	67,292	25,271	3,779	25,191	67,372	340,000	0,000	152951,959	152952,960	152956,160	152956,423	152956,763	152956,822	0,000	55791,959	55792,960	55796,160	55796,423	55796,763	55796,822	28,269	3,769	28,219	3,772	25,000	0,000	0,149	4,504	1,000	1162,000	485,000	960,000	373,333
270,000	580,000	850,000	5,038	31,034	162,383	7,000	64,599	28,672	5,521	23,449	68,286	180,000	0,000	153001,358	153002,358	153008,336	153008,613	153008,793	153009,202	0,000	55801,358	55802,358	55808,336	55808,613	55808,793	55809,202	28,436	7,792	24,790	5,003	25,000	0,000	147,795	148,167	1,000	1131,000	320,000	960,000	373,333
280,000	430,000	710,000	2,138	55,814	149,401	2,000	67,426	23,293	8,062	20,908	71,242	240,000	0,000	153013,723	153014,724	153017,523	153017,814	153018,054	153018,255	0,000	55813,723	55814,724	55817,523	55817,814	55818,054	55818,255	23,936	4,080	22,593	1,989	25,000	0,000	23,765	21,849	1,000	885,000	361,000	960,000	373,333
270,000	410,000	680,000	3,167	78,049	114,760	2,000	64,284	17,281	11,894	17,076	64,397	320,000	0,000	153022,780	153023,780	153027,595	153027,874	153028,194	153028,294	0,000	55822,780	55823,780	55827,595	55827,874	55828,194	55828,294	18,930	2,870	18,786	2,784	25,000	0,000	1,922	4,558	1,000	897,000	280,000	960,000	373,333
290,000	360,000	650,000	0,700	97,222	110,478	0,000	66,927	16,834	12,134	16,836	66,927	350,000	0,000	153032,815	153033,815	153037,574	153037,874	153038,224	153038,244	0,000	55832,815	55833,815	55837,574	55837,874	55838,224	55838,244	18,003	1,912	18,007	1,913	25,000	0,000	NaN	10,562	1,000	939,000	360,000	960,000	373,333
240,000	480,000	720,000	4,956	50,000	124,902	4,000	69,431	18,107	12,119	16,851	69,157	240,000	0,000	153045,634	153046,634	153052,440	153052,684	153052,924	153053,172	0,000	55845,634	55846,634	55852,440	55852,684	55852,924	55853,172	19,942	0,844	18,749	0,708	25,000	0,000	16,288	12,844	1,000	798,000	304,000	960,000	373,333
260,000	520,000	780,000	4,649	63,462	150,987	3,000	67,190	22,060	7,343	21,627	67,820	330,000	0,000	153058,319	153059,321	153102,330	153102,592	153102,922	153103,124	0,000	55858,319	55859,321	55862,330	55862,592	55862,922	55863,124	25,847	2,476	25,585	2,354	25,000	0,000	8,143	5,267	1,000	1089,000	270,000	960,000	373,333
230,000	670,000	900,000	1,220	68,657	107,774	4,000	61,012	19,049	10,170	18,800	61,091	460,000	0,000	153107,656	153108,656	153113,135	153113,372	153113,832	153114,054	0,000	55867,656	55868,656	55873,135	55873,372	55873,832	55874,054	22,529	3,966	22,351	3,808	25,000	0,000	0,907	0,659	1,000	944,000	333,000	960,000	373,333
280,000	400,000	680,000	5,669	85,000	191,474	2,000	63,397	26,942	2,043	26,927	63,435	340,000	0,000	153118,590	153119,590	153121,862	153122,143	153122,483	153122,552	0,000	55878,590	55879,590	55881,862	55882,143	55882,483	55882,552	29,727	6,583	29,745	6,535	25,000	0,000	3,114	7,833	1,000	1148,000	446,000	960,000	373,333
290,000	580,000	870,000	0,998	48,276	142,749	5,000	68,780	19,616	9,838	19,132	70,390	280,000	0,000	153127,077	153128,077	153132,402	153132,693	153132,973	153133,284	0,000	55887,077	55888,077	55892,402	55892,693	55892,973	55893,284	21,518	1,886	21,377	0,929	25,000	0,000	6,723	5,670	1,000	951,000	339,000	960,000	373,333
300,000	330,000	630,000	0,390	75,758	165,597	2,000	70,647	20,988	8,404	20,566	71,167	250,000	0,000	153137,810	153138,811	153141,000	153141,305	153141,555	153141,643	0,000	55897,810	55898,811	55901,000	55901,305	55901,555	55901,643	23,061	1,210	22,849	1,176	25,000	0,000	0,884	13,916	1,000	952,000	362,000	960,000	373,333
240,000	380,000	620,000	2,574	97,368	122,216	0,000	68,646	20,454	8,518	20,452	68,646	370,000	0,000	153146,244	153147,246	153150,831	153151,072	153151,442	153151,463	0,000	55906,244	55907,246	55910,831	55911,072	55911,442	55911,463	25,093	0,815	25,094	0,816	25,000	0,000	NaN	2,186	1,000	1042,000	414,000	960,000	373,333
