900,000	350,000	1250,000	24,614	54,286	13,172	2,000	12,815	1,962	27,984	0,986	13,299	190,000	0,000	125422,481	125423,481	125427,903	125428,811	125429,001	125429,171	0,000	46462,481	46463,481	46467,903	46468,811	46469,001	46469,171	0,311	1,943	0,198	0,972	25,000	0,000	1,682	5,112	1,000	86,000	328,000	960,000	373,333
450,000	430,000	880,000	24,276	51,163	13,914	4,000	13,525	3,129	27,006	1,963	13,248	220,000	0,000	125435,174	125436,175	125438,932	125439,391	125439,611	125439,831	0,000	46475,174	46476,175	46478,932	46479,392	46479,612	46479,831	0,703	3,042	0,395	1,918	25,000	0,000	0,200	8,106	1,000	108,000	235,000	960,000	373,333
770,000	450,000	1220,000	21,204	28,889	10,159	4,000	41,125	2,218	28,262	0,707	39,034	130,000	0,000	125447,896	125448,897	125454,611	125455,391	125455,521	125455,851	0,000	46487,896	46488,897	46494,611	46495,391	46495,521	46495,851	1,887	1,323	0,614	0,483	25,000	0,000	4,066	5,905	1,000	234,000	170,000	960,000	373,333
400,000	210,000	610,000	23,593	95,238	37,514	0,000	16,897	3,220	25,752	3,218	16,897	200,000	0,000	125503,249	125504,249	125510,088	125510,491	125510,691	125510,711	0,000	46503,249	46504,249	46510,088	46510,491	46510,691	46510,711	0,985	3,066	0,985	3,064	25,000	0,000	NaN	3,618	1,000	137,000	211,000	960,000	373,333
1380,000	50,000	1430,000	23,252	0,000	16,861	0,000	28,357	0,877	28,950	0,019	27,082	0,000	0,000	125516,133	125517,132	125520,378	125521,762	125521,762	125521,821	0,000	46516,133	46517,132	46520,378	46521,762	46521,762	46521,821	0,496	0,703	0,013	0,015	25,000	0,000	1,486	NaN	1,000	155,000	185,000	960,000	373,333
30,000	20,000	50,000	24,402	0,000	0,000	0,000	17,247	0,000	28,970	0,000	17,247	0,000	0,000	125528,461	125529,463	125533,998	125534,198	125534,198	125534,220	0,000	46528,461	46529,463	46533,998	46534,198	46534,198	46534,221	0,000	0,000	0,000	0,000	25,000	0,000	NaN	NaN	1,000	95,000	306,000	960,000	373,333
590,000	260,000	850,000	23,804	69,231	23,242	2,000	16,538	4,146	25,339	3,631	16,626	180,000	0,000	125542,102	125543,101	125546,262	125546,860	125547,040	125547,130	0,000	46542,102	46543,101	46546,262	46546,860	46547,040	46547,130	1,268	3,917	1,137	3,437	25,000	0,000	8,339	21,745	1,000	136,000	180,000	960,000	373,333
450,000	260,000	710,000	24,459	96,154	44,093	0,000	13,907	5,829	23,139	5,831	13,907	250,000	0,000	125551,767	125552,767	125558,347	125558,800	125559,050	125559,073	0,000	46551,767	46552,767	46558,347	46558,801	46559,051	46559,073	1,125	5,685	1,126	5,687	25,000	0,000	NaN	11,131	1,000	129,000	117,000	960,000	373,333
450,000	360,000	810,000	16,671	97,222	19,692	0,000	42,401	4,466	24,505	4,464	42,401	350,000	0,000	125604,439	125605,439	125611,375	125611,831	125612,181	125612,201	0,000	46564,439	46565,439	46571,375	46571,831	46572,181	46572,201	6,782	0,957	6,784	0,954	25,000	0,000	NaN	6,586	1,000	368,000	403,000	960,000	373,333
330,000	380,000	710,000	10,300	97,368	59,806	0,000	50,249	11,442	17,524	11,445	50,249	370,000	0,000	125616,830	125617,830	125622,208	125622,543	125622,913	125622,931	0,000	46576,831	46577,830	46582,208	46582,543	46582,913	46582,931	13,449	3,769	13,454	3,770	25,000	0,000	NaN	15,716	1,000	624,000	519,000	960,000	373,333
350,000	510,000	860,000	8,927	27,451	76,568	2,000	50,849	17,904	24,650	4,320	34,255	140,000	0,000	125627,566	125628,567	125632,845	125633,202	125633,342	125633,721	0,000	46587,566	46588,567	46592,845	46593,202	46593,342	46593,721	19,406	7,624	5,406	2,537	25,000	0,000	33,174	34,628	1,000	791,000	642,000	960,000	373,333
350,000	420,000	770,000	7,399	97,619	57,030	0,000	57,645	11,341	17,629	11,341	57,645	410,000	0,000	125640,615	125641,615	125643,849	125644,201	125644,611	125644,631	0,000	46600,615	46601,615	46603,849	46604,201	46604,611	46604,631	14,993	1,322	14,994	1,322	25,000	0,000	NaN	4,891	1,000	704,000	434,000	960,000	373,333
330,000	610,000	940,000	2,601	81,967	79,540	2,000	64,956	18,074	11,003	17,967	65,301	500,000	0,000	125655,242	125656,242	125659,064	125659,401	125659,901	125700,021	0,000	46615,242	46616,242	46619,064	46619,401	46619,901	46620,021	22,022	2,252	21,979	2,113	25,000	0,000	0,798	1,892	1,000	916,000	292,000	960,000	373,333
390,000	370,000	760,000	4,606	97,297	81,562	0,000	61,924	14,318	14,654	14,316	61,924	360,000	0,000	125707,359	125708,358	125711,744	125712,143	125712,503	125712,520	0,000	46627,359	46628,358	46631,744	46632,143	46632,503	46632,520	16,510	2,194	16,510	2,191	25,000	0,000	NaN	1,553	1,000	806,000	429,000	960,000	373,333
330,000	510,000	840,000	7,362	92,157	133,416	1,000	65,461	24,513	4,505	24,465	65,589	470,000	0,000	125717,148	125718,148	125720,585	125720,922	125721,392	125721,442	0,000	46637,149	46638,148	46640,585	46640,922	46641,392	46641,442	27,002	4,474	26,980	4,439	25,000	0,000	0,415	0,613	1,000	1161,000	541,000	960,000	373,333
400,000	470,000	870,000	11,246	74,468	45,748	2,000	54,307	8,588	20,708	8,262	54,399	350,000	0,000	125726,884	125727,883	125733,348	125733,751	125734,101	125734,231	0,000	46646,884	46647,883	46653,348	46653,751	46654,101	46654,231	10,971	1,211	10,682	1,128	25,000	0,000	3,212	1,076	1,000	562,000	412,000	960,000	373,333
360,000	570,000	930,000	8,287	70,175	134,066	4,000	63,941	24,532	4,609	24,360	64,296	400,000	0,000	125740,375	125741,375	125743,415	125743,781	125744,181	125744,361	0,000	46660,375	46661,375	46663,415	46663,781	46664,181	46664,361	27,787	4,785	27,737	4,501	25,000	0,000	0,360	2,036	1,000	1171,000	579,000	960,000	373,333
370,000	390,000	760,000	3,353	97,436	103,710	0,000	62,128	17,778	11,195	17,775	62,128	380,000	0,000	125749,350	125750,350	125755,572	125755,951	125756,331	125756,350	0,000	46669,350	46670,350	46675,572	46675,951	46676,331	46676,350	21,210	2,899	21,211	2,896	25,000	0,000	NaN	0,033	1,000	924,000	487,000	960,000	373,333
430,000	520,000	950,000	2,326	98,077	69,025	0,000	64,155	17,358	11,612	17,358	64,155	510,000	0,000	125802,639	125803,641	125808,177	125808,612	125809,122	125809,141	0,000	46682,639	46683,641	46688,177	46688,612	46689,122	46689,141	21,546	1,800	21,548	1,800	25,000	0,000	NaN	9,662	1,000	929,000	450,000	960,000	373,333
320,000	430,000	750,000	4,656	60,465	83,371	2,000	60,042	15,855	15,331	13,638	60,437	260,000	0,000	125814,500	125815,500	125819,536	125819,861	125820,121	125820,301	0,000	46694,500	46695,500	46699,536	46699,861	46700,121	46700,301	18,930	3,094	17,069	2,776	25,000	0,000	65,552	66,165	1,000	836,000	483,000	960,000	373,333
340,000	470,000	810,000	4,471	29,787	86,114	2,000	60,751	18,561	23,448	5,522	46,368	140,000	0,000	125825,170	125826,169	125828,431	125828,781	125828,921	125829,261	0,000	46705,170	46706,169	46708,431	46708,781	46708,921	46709,261	22,248	3,600	7,835	2,077	25,000	0,000	43,712	42,514	1,000	950,000	532,000	960,000	373,333
360,000	580,000	940,000	3,317	44,828	79,751	5,000	61,283	15,833	14,287	14,683	62,433	260,000	0,000	125833,905	125834,905	125838,760	125839,122	125839,382	125839,711	0,000	46713,905	46714,905	46718,760	46719,122	46719,382	46719,711	17,974	2,898	17,235	2,419	25,000	0,000	50,994	50,026	1,000	854,000	425,000	960,000	373,333
340,000	600,000	940,000	2,944	60,000	109,863	6,000	61,750	17,574	11,803	17,166	62,582	360,000	0,000	125844,707	125845,708	125848,726	125849,070	125849,430	125849,681	0,000	46724,707	46725,708	46728,726	46729,070	46729,430	46729,681	19,323	3,574	19,179	2,988	25,000	0,000	3,056	1,356	1,000	928,000	473,000	960,000	373,333
360,000	430,000	790,000	2,827	44,186	76,244	4,000	57,589	16,241	18,180	10,790	57,438	190,000	0,000	125856,375	125857,375	125901,441	125901,813	125902,003	125902,251	0,000	46736,375	46737,375	46741,441	46741,813	46742,003	46742,251	18,637	4,060	13,867	2,518	25,000	0,000	68,638	67,373	1,000	860,000	363,000	960,000	373,333
450,000	460,000	910,000	4,514	28,261	65,880	4,000	60,999	13,274	21,789	7,181	59,859	130,000	0,000	125908,350	125909,351	125913,336	125913,793	125913,923	125914,261	0,000	46748,350	46749,351	46753,336	46753,793	46753,923	46754,261	15,215	1,689	9,584	0,417	25,000	0,000	57,773	56,761	1,000	819,000	450,000	960,000	373,333
350,000	170,000	520,000	10,584	0,000	82,347	0,000	51,895	8,639	28,938	0,031	27,484	0,000	0,000	125922,430	125923,431	125928,255	125928,612	125928,612	125928,791	0,000	46762,430	46763,431	46768,255	46768,612	46768,612	46768,791	10,862	1,641	0,054	0,010	25,000	0,000	72,822	NaN	1,000	584,000	358,000	960,000	373,333
410,000	630,000	1040,000	5,125	68,254	120,494	3,000	62,914	20,944	8,102	20,867	62,913	430,000	0,000	125935,566	125936,567	125938,734	125939,151	125939,580	125939,791	0,000	46775,566	46776,567	46778,734	46779,151	46779,581	46779,791	24,948	3,600	24,889	3,563	25,000	0,000	0,111	0,528	1,000	1046,000	534,000	960,000	373,333
440,000	420,000	860,000	7,229	97,619	56,981	0,000	59,276	11,627	17,338	11,631	59,276	410,000	0,000	125944,518	125945,519	125950,021	125950,473	125950,883	125950,901	0,000	46784,518	46785,519	46790,021	46790,473	46790,883	46790,901	14,993	1,324	14,997	1,322	25,000	0,000	NaN	10,642	1,000	705,000	341,000	960,000	373,333
430,000	570,000	1000,000	8,921	68,421	53,127	4,000	58,095	10,330	18,972	9,998	58,247	390,000	0,000	125956,194	125957,193	130003,022	130003,461	130003,851	130004,040	0,000	46796,194	46797,193	46803,022	46803,461	46803,851	46804,040	13,218	1,016	12,967	0,792	25,000	0,000	2,728	0,550	1,000	643,000	362,000	960,000	373,333
400,000	370,000	770,000	15,248	45,946	52,109	4,000	47,829	6,102	23,946	5,024	47,994	170,000	0,000	130009,747	130010,747	130012,860	130013,261	130013,431	130013,641	0,000	46809,747	46810,747	46812,860	46813,261	46813,431	46813,641	5,797	1,462	5,184	0,721	25,000	0,000	12,395	14,200	1,000	425,000	461,000	960,000	373,333
280,000	410,000	690,000	8,627	97,561	67,755	0,000	56,831	10,963	18,012	10,958	56,831	400,000	0,000	130022,930	130023,931	130028,697	130028,981	130029,381	130029,401	0,000	46822,930	46823,931	46828,697	46828,981	46829,381	46829,401	15,105	1,436	15,104	1,434	25,000	0,000	NaN	5,897	1,000	658,000	427,000	960,000	373,333
460,000	480,000	940,000	9,284	83,333	65,345	2,000	53,116	11,179	17,806	11,163	53,173	400,000	0,000	130034,882	130035,882	130040,483	130040,951	130041,351	130041,441	0,000	46834,882	46835,882	46840,483	46840,951	46841,351	46841,441	13,387	2,757	13,389	2,729	25,000	0,000	0,038	0,371	1,000	645,000	472,000	960,000	373,333
530,000	320,000	850,000	14,278	59,375	34,870	2,000	42,350	7,185	23,464	5,506	39,056	190,000	0,000	130049,674	130050,674	130052,928	130053,462	130053,652	130053,791	0,000	46849,674	46850,674	46852,928	46853,462	46853,652	46853,791	9,848	2,507	8,024	2,179	25,000	0,000	14,529	28,291	1,000	474,000	520,000	960,000	373,333
420,000	360,000	780,000	4,109	97,222	90,075	0,000	59,107	14,736	14,230	14,740	59,107	350,000	0,000	130058,891	130059,891	130102,371	130102,801	130103,151	130103,171	0,000	46858,891	46859,891	46862,371	46862,801	46863,151	46863,171	16,144	2,876	16,146	2,877	25,000	0,000	NaN	10,381	1,000	829,000	438,000	960,000	373,333
350,000	400,000	750,000	5,665	97,500	72,654	0,000	58,664	12,018	16,953	12,017	58,664	390,000	0,000	130109,855	130110,855	130114,719	130115,072	130115,462	130115,481	0,000	46869,855	46870,855	46874,719	46875,072	46875,462	46875,481	16,793	0,787	16,794	0,787	25,000	0,000	NaN	2,238	1,000	767,000	431,000	960,000	373,333
410,000	590,000	1000,000	4,759	69,492	112,482	2,000	61,825	19,778	9,427	19,543	61,795	410,000	0,000	130120,733	130121,733	130123,734	130124,151	130124,561	130124,751	0,000	46880,733	46881,733	46883,734	46884,151	46884,561	46884,751	22,978	3,601	22,810	3,542	25,000	0,000	3,776	2,801	1,000	1010,000	535,000	960,000	373,333
410,000	680,000	1090,000	3,194	67,647	105,838	4,000	62,642	19,964	9,139	19,830	62,753	460,000	0,000	130129,563	130130,564	130135,016	130135,431	130135,891	130136,122	0,000	46889,563	46890,564	46895,017	46895,431	46895,891	46896,122	23,006	3,573	22,926	3,447	25,000	0,000	1,803	1,665	1,000	999,000	480,000	960,000	373,333
420,000	450,000	870,000	3,331	86,667	111,940	2,000	64,721	19,742	9,316	19,653	64,888	390,000	0,000	130141,883	130142,882	130148,853	130149,282	130149,672	130149,742	0,000	46901,883	46902,882	46908,853	46909,282	46909,672	46909,742	25,144	2,027	25,122	1,936	25,000	0,000	1,584	12,459	1,000	1027,000	471,000	960,000	373,333
370,000	340,000	710,000	4,951	64,706	73,653	2,000	58,534	13,929	16,680	12,290	57,619	220,000	0,000	130154,593	130155,592	130159,801	130200,181	130200,401	130200,531	0,000	46914,593	46915,592	46919,801	46920,181	46920,401	46920,531	16,625	2,083	15,322	1,823	25,000	0,000	50,927	62,705	1,000	817,000	476,000	960,000	373,333
270,000	480,000	750,000	5,291	97,917	101,110	0,000	58,647	17,829	11,141	17,828	58,647	470,000	0,000	130205,852	130206,851	130209,895	130210,171	130210,641	130210,661	0,000	46925,852	46926,851	46929,895	46930,171	46930,641	46930,661	21,574	4,360	21,575	4,361	25,000	0,000	NaN	1,928	1,000	869,000	538,000	960,000	373,333
340,000	600,000	940,000	2,911	38,333	115,140	4,000	58,165	24,047	13,327	15,643	61,554	230,000	0,000	130215,829	130216,830	130222,751	130223,102	130223,332	130223,711	0,000	46935,829	46936,830	46942,751	46943,102	46943,332	46943,711	25,987	7,988	19,598	4,259	25,000	0,000	89,476	86,791	1,000	1061,000	396,000	960,000	373,333
400,000	650,000	1050,000	3,069	81,538	86,144	3,000	58,328	18,377	10,637	18,332	58,346	530,000	0,000	130228,649	130229,648	130233,412	130233,821	130234,351	130234,480	0,000	46948,649	46949,649	46953,412	46953,821	46954,351	46954,480	19,828	5,513	19,800	5,476	25,000	0,000	0,460	0,689	1,000	883,000	296,000	960,000	373,333
380,000	520,000	900,000	1,267	23,077	98,700	3,000	57,315	20,267	22,914	6,056	49,806	120,000	0,000	130239,806	130240,807	130245,751	130246,141	130246,261	130246,672	0,000	46959,806	46960,807	46965,752	46966,141	46966,261	46966,672	20,816	7,233	7,162	2,792	25,000	0,000	53,695	51,524	1,000	918,000	357,000	960,000	373,333
470,000	960,000	1430,000	1,464	13,542	114,897	13,000	59,435	20,157	20,680	8,290	60,146	130,000	0,000	130252,274	130253,274	130256,568	130257,041	130257,171	130258,011	0,000	46972,274	46973,274	46976,568	46977,041	46977,171	46978,011	20,644	6,492	10,233	2,595	25,000	0,000	66,509	62,858	1,000	917,000	344,000	960,000	373,333
400,000	430,000	830,000	3,261	37,209	158,624	4,000	56,855	24,979	15,852	13,118	69,181	160,000	0,000	130302,652	130303,651	130308,040	130308,442	130308,602	130308,881	0,000	46982,652	46983,651	46988,040	46988,442	46988,602	46988,881	22,952	10,969	15,105	3,087	25,000	0,000	105,458	89,880	1,000	1024,000	470,000	960,000	373,333
400,000	390,000	790,000	3,000	46,154	93,292	2,000	55,397	19,020	16,462	12,507	59,001	180,000	0,000	130313,517	130314,517	130317,052	130317,462	130317,642	130317,861	0,000	46993,517	46994,517	46997,052	46997,462	46997,642	46997,861	20,309	6,812	15,653	3,604	25,000	0,000	74,659	79,345	1,000	863,000	329,000	960,000	373,333
410,000	410,000	820,000	1,438	97,561	107,625	0,000	59,064	20,136	8,836	20,134	59,064	400,000	0,000	130323,280	130324,279	130329,294	130329,711	130330,111	130330,131	0,000	47003,280	47004,279	47009,294	47009,711	47010,111	47010,131	21,403	6,553	21,402	6,550	25,000	0,000	NaN	1,960	1,000	914,000	351,000	960,000	373,333
380,000	420,000	800,000	0,871	45,238	120,334	3,000	58,119	22,618	15,591	13,379	62,085	190,000	0,000	130335,592	130336,591	130339,121	130339,511	130339,701	130339,942	0,000	47015,592	47016,591	47019,121	47019,511	47019,701	47019,942	23,064	8,075	16,009	3,803	25,000	0,000	85,407	81,228	1,000	980,000	397,000	960,000	373,333
370,000	510,000	880,000	5,507	27,451	63,221	4,000	49,038	18,502	23,317	5,653	34,209	140,000	0,000	130345,566	130346,565	130350,367	130350,742	130350,882	130351,261	0,000	47025,566	47026,565	47030,367	47030,742	47030,882	47031,261	19,210	8,776	6,051	3,781	25,000	0,000	41,125	39,942	1,000	781,000	294,000	960,000	373,333
280,000	560,000	840,000	2,427	39,286	89,432	3,000	59,180	18,435	23,538	5,432	44,169	220,000	0,000	130356,929	130357,929	130400,707	130400,990	130401,210	130401,562	0,000	47036,929	47037,929	47040,707	47040,990	47041,210	47041,562	22,083	4,727	7,945	2,374	25,000	0,000	28,540	27,483	1,000	880,000	341,000	960,000	373,333
500,000	490,000	990,000	1,852	24,490	101,023	4,000	55,470	20,722	23,893	5,076	42,885	120,000	0,000	130406,205	130407,206	130412,947	130413,451	130413,571	130413,951	0,000	47046,205	47047,206	47052,948	47053,451	47053,571	47053,951	21,827	7,818	6,314	2,433	25,000	0,000	45,033	45,429	1,000	904,000	408,000	960,000	373,333
430,000	520,000	950,000	3,179	98,077	75,543	0,000	61,285	17,225	11,748	17,222	61,285	510,000	0,000	130419,817	130420,817	130425,731	130426,171	130426,681	130426,702	0,000	47059,817	47060,817	47065,731	47066,171	47066,681	47066,702	19,690	3,854	19,689	3,852	25,000	0,000	NaN	1,612	1,000	847,000	376,000	960,000	373,333
430,000	460,000	890,000	5,585	89,130	123,877	1,000	62,262	23,529	5,506	23,463	62,390	410,000	0,000	130431,341	130432,342	130438,229	130438,662	130439,072	130439,131	0,000	47071,341	47072,342	47078,229	47078,662	47079,072	47079,131	24,977	6,781	24,955	6,723	25,000	0,000	0,558	1,871	1,000	1023,000	185,000	960,000	373,333
410,000	690,000	1100,000	7,003	20,290	92,277	8,000	52,603	15,704	23,244	5,726	51,646	140,000	0,000	130444,781	130445,782	130451,673	130452,091	130452,231	130452,792	0,000	47084,781	47085,782	47091,673	47092,091	47092,231	47092,792	16,567	6,187	8,202	1,698	25,000	0,000	42,041	38,244	1,000	716,000	423,000	960,000	373,333
430,000	370,000	800,000	11,713	97,297	99,005	0,000	45,684	15,367	13,604	15,366	45,684	360,000	0,000	130459,410	130500,411	130504,562	130505,000	130505,360	130505,381	0,000	47099,410	47100,411	47104,562	47105,001	47105,361	47105,381	14,010	8,354	14,012	8,352	25,000	0,000	NaN	3,663	1,000	656,000	658,000	960,000	373,333
780,000	530,000	1310,000	4,613	96,226	92,985	1,000	56,277	17,875	11,103	17,867	56,277	510,000	0,000	130512,014	130513,013	130515,159	130515,941	130516,451	130516,481	0,000	47112,014	47113,013	47115,159	47115,941	47116,451	47116,481	18,339	6,609	18,335	6,609	25,000	0,000	NaN	0,543	1,000	815,000	450,000	960,000	373,333
490,000	470,000	960,000	5,063	97,872	89,471	0,000	55,461	16,822	12,149	16,821	55,461	460,000	0,000	130521,128	130522,129	130524,791	130525,293	130525,753	130525,771	0,000	47121,128	47122,129	47124,791	47125,293	47125,753	47125,771	17,662	6,020	17,662	6,019	25,000	0,000	NaN	2,445	1,000	780,000	371,000	960,000	373,333
450,000	650,000	1100,000	10,546	24,615	37,608	7,000	45,903	12,786	26,938	2,032	29,343	160,000	0,000	130530,434	130531,433	130536,001	130536,461	130536,621	130537,121	0,000	47130,434	47131,433	47136,002	47136,461	47136,621	47137,121	14,879	5,743	3,931	0,879	25,000	0,000	9,358	13,424	1,000	612,000	513,000	960,000	373,333
350,000	610,000	960,000	5,568	22,951	65,803	3,000	52,815	17,770	25,737	3,233	38,162	140,000	0,000	130542,749	130543,750	130546,061	130546,421	130546,561	130547,041	0,000	47142,749	47143,750	47146,061	47146,421	47146,561	47147,041	18,710	7,316	4,490	1,519	25,000	0,000	16,396	21,674	1,000	783,000	462,000	960,000	373,333
360,000	550,000	910,000	3,628	98,182	92,436	0,000	53,337	21,637	7,335	21,635	53,337	540,000	0,000	130552,253	130553,253	130556,756	130557,122	130557,662	130557,681	0,000	47152,253	47153,253	47156,756	47157,122	47157,662	47157,681	20,925	9,873	20,925	9,870	25,000	0,000	NaN	0,347	1,000	886,000	479,000	960,000	373,333
